dec_order,readout,Chip ID,payload,location,isCol,timestamp,tot_msb,tot_lsb,tot_total,tot_us,hittime
0,0,0,4,20,False,89,8,192,2240,11.2,1669937577.0365891
1,0,0,4,19,True,89,8,165,2213,11.065,1669937577.0367975
0,1,0,4,20,False,217,8,26,2074,10.37,1669937577.1323013
1,1,0,4,19,True,217,7,255,2047,10.235,1669937577.132488
0,2,0,4,20,False,88,7,153,1945,9.725,1669937577.2143762
1,2,0,4,19,True,88,7,126,1918,9.59,1669937577.2143762
0,3,0,4,20,False,216,9,9,2313,11.565,1669937577.2903504
1,3,0,4,19,True,216,8,238,2286,11.43,1669937577.2903504
0,4,0,4,20,False,87,7,139,1931,9.655,1669937577.366011
1,4,0,4,19,True,87,7,112,1904,9.52,1669937577.366011
0,5,0,4,20,False,215,9,35,2339,11.695,1669937577.4398274
1,5,0,4,19,True,215,9,9,2313,11.565,1669937577.4398274
0,6,0,4,20,False,86,8,10,2058,10.29,1669937577.5036466
1,6,0,4,19,True,86,7,239,2031,10.155,1669937577.5036466
0,7,0,4,20,False,214,8,179,2227,11.135,1669937577.597583
1,7,0,4,19,True,214,8,152,2200,11.0,1669937577.597583
0,8,0,4,20,False,86,8,18,2066,10.33,1669937577.6636653
1,8,0,4,19,True,85,7,247,2039,10.195,1669937577.6642778
0,9,0,4,20,False,213,9,144,2448,12.24,1669937577.7419899
1,9,0,4,19,True,213,9,117,2421,12.105,1669937577.7419899
0,10,0,4,20,False,85,8,138,2186,10.93,1669937577.813367
1,10,0,4,19,True,85,8,112,2160,10.8,1669937577.8135674
0,11,0,4,20,False,212,9,53,2357,11.785,1669937577.89584
1,11,0,4,19,True,212,9,26,2330,11.65,1669937577.8963282
0,12,0,4,20,False,84,8,57,2105,10.525,1669937577.9521995
1,12,0,4,19,True,84,8,29,2077,10.385,1669937577.9521995
0,13,0,4,20,False,211,8,45,2093,10.465,1669937578.044937
1,13,0,4,19,True,211,8,18,2066,10.33,1669937578.044937
0,14,0,4,20,False,83,9,116,2420,12.1,1669937578.1277378
1,14,0,4,19,True,83,9,88,2392,11.96,1669937578.1283033
0,15,0,4,20,False,210,8,91,2139,10.695,1669937578.2028377
1,15,0,4,19,True,210,8,63,2111,10.555,1669937578.2032151
0,16,0,4,20,False,82,8,214,2262,11.31,1669937578.2858813
1,16,0,4,19,True,82,8,186,2234,11.17,1669937578.2863865
0,17,0,4,20,False,209,10,76,2636,13.18,1669937578.3596587
1,17,0,4,19,True,209,10,50,2610,13.05,1669937578.360654
0,18,0,4,20,False,81,8,180,2228,11.14,1669937578.437255
1,18,0,4,19,True,81,8,153,2201,11.005,1669937578.4374988
0,19,0,4,20,False,209,8,203,2251,11.255,1669937578.5190275
1,19,0,4,19,True,208,8,177,2225,11.125,1669937578.5200348
0,20,0,4,20,False,80,9,156,2460,12.3,1669937578.5771422
1,20,0,4,19,True,80,9,129,2433,12.165,1669937578.577359
0,21,0,4,20,False,208,8,116,2164,10.82,1669937578.6732423
1,21,0,4,19,True,208,8,89,2137,10.685,1669937578.6732423
0,22,0,4,20,False,79,9,91,2395,11.975,1669937578.7544267
1,22,0,4,19,True,79,9,65,2369,11.845,1669937578.7544267
0,23,0,4,20,False,207,8,118,2166,10.83,1669937578.831562
1,23,0,4,19,True,207,8,92,2140,10.7,1669937578.8324528
0,24,0,4,20,False,78,8,217,2265,11.325,1669937578.9094765
1,24,0,4,19,True,78,8,190,2238,11.19,1669937578.9104812
0,25,0,4,20,False,206,7,185,1977,9.885,1669937578.9826446
1,25,0,4,19,True,206,7,158,1950,9.75,1669937578.9826446
0,26,0,4,20,False,77,9,129,2433,12.165,1669937579.0658138
1,26,0,4,19,True,77,9,103,2407,12.035,1669937579.06636
0,27,0,4,20,False,205,8,106,2154,10.77,1669937579.1386287
1,27,0,4,19,True,205,8,79,2127,10.635,1669937579.1389413
0,28,0,4,20,False,77,7,125,1917,9.585,1669937579.2185478
1,28,0,4,19,True,76,7,98,1890,9.45,1669937579.2188385
0,29,0,4,20,False,204,8,230,2278,11.39,1669937579.2961092
1,29,0,4,19,True,204,8,204,2252,11.26,1669937579.2962909
0,30,0,4,20,False,76,8,116,2164,10.82,1669937579.3691154
1,30,0,4,19,True,76,8,89,2137,10.685,1669937579.3693323
0,31,0,4,20,False,203,9,228,2532,12.66,1669937579.451617
1,31,0,4,19,True,203,9,201,2505,12.525,1669937579.451617
0,32,0,4,20,False,75,7,253,2045,10.225,1669937579.529379
1,32,0,4,19,True,75,7,226,2018,10.09,1669937579.529379
0,33,0,4,20,False,202,9,176,2480,12.4,1669937579.6083028
1,33,0,4,19,True,202,9,148,2452,12.26,1669937579.6083028
0,34,0,4,20,False,74,8,7,2055,10.275,1669937579.6837087
1,34,0,4,19,True,74,7,236,2028,10.14,1669937579.684022
0,35,0,4,20,False,201,9,29,2333,11.665,1669937579.762033
1,35,0,4,19,True,201,9,2,2306,11.53,1669937579.7623467
0,36,0,4,20,False,73,9,232,2536,12.68,1669937579.8177655
1,36,0,4,19,True,73,9,205,2509,12.545,1669937579.8177655
0,37,0,4,20,False,200,8,50,2098,10.49,1669937579.9195287
1,37,0,4,19,True,200,8,23,2071,10.355,1669937579.9199595
0,38,0,4,20,False,72,8,164,2212,11.06,1669937579.9932604
1,38,0,4,19,True,72,8,138,2186,10.93,1669937579.9934855
0,39,0,4,20,False,200,9,80,2384,11.92,1669937580.0694659
1,39,0,4,19,True,199,9,53,2357,11.785,1669937580.0697284
0,40,0,4,20,False,71,8,219,2267,11.335,1669937580.1485045
1,40,0,4,19,True,71,8,192,2240,11.2,1669937580.148708
0,41,0,4,20,False,199,8,253,2301,11.505,1669937580.2101529
1,41,0,4,19,True,199,8,226,2274,11.37,1669937580.2111015
0,42,0,4,20,False,70,9,59,2363,11.815,1669937580.3067303
1,42,0,4,19,True,70,9,32,2336,11.68,1669937580.3069463
0,43,0,4,20,False,198,8,117,2165,10.825,1669937580.381842
1,43,0,4,19,True,198,8,90,2138,10.69,1669937580.381842
0,44,0,4,20,False,69,9,164,2468,12.34,1669937580.4637537
1,44,0,4,19,True,69,9,138,2442,12.21,1669937580.4642951
0,45,0,4,20,False,197,8,67,2115,10.575,1669937580.5419888
1,45,0,4,19,True,197,8,40,2088,10.44,1669937580.5419888
0,46,0,4,20,False,68,9,254,2558,12.79,1669937580.618676
1,46,0,4,19,True,68,9,227,2531,12.655,1669937580.6189015
0,47,0,4,20,False,196,8,238,2286,11.43,1669937580.6810107
1,47,0,4,19,True,196,8,211,2259,11.295,1669937580.6819565
0,48,0,4,20,False,67,9,6,2310,11.55,1669937580.7577507
1,48,0,4,19,True,67,8,235,2283,11.415,1669937580.758267
0,49,0,4,20,False,195,8,93,2141,10.705,1669937580.8358886
1,49,0,4,19,True,195,8,66,2114,10.57,1669937580.837025
0,50,0,4,20,False,67,9,105,2409,12.045,1669937580.9086099
1,50,0,4,19,True,67,9,78,2382,11.91,1669937580.9087305
0,51,0,4,20,False,194,8,165,2213,11.065,1669937580.9904869
1,51,0,4,19,True,194,8,138,2186,10.93,1669937580.9904869
0,52,0,4,20,False,66,7,185,1977,9.885,1669937581.048626
1,52,0,4,19,True,66,7,158,1950,9.75,1669937581.048626
0,53,0,4,20,False,193,9,62,2366,11.83,1669937581.144332
1,53,0,4,19,True,193,9,35,2339,11.695,1669937581.1446996
0,54,0,4,20,False,65,9,38,2342,11.71,1669937581.2248292
1,54,0,4,19,True,65,9,11,2315,11.575,1669937581.225789
0,55,0,4,20,False,192,9,186,2490,12.45,1669937581.3003175
1,55,0,4,19,True,192,9,159,2463,12.315,1669937581.3003175
0,56,0,4,20,False,64,8,59,2107,10.535,1669937581.3797383
1,56,0,4,19,True,64,8,33,2081,10.405,1669937581.3807342
0,57,0,4,20,False,191,8,176,2224,11.12,1669937581.440234
1,57,0,4,19,True,191,8,149,2197,10.985,1669937581.4402986
0,58,0,4,20,False,63,8,143,2191,10.955,1669937581.5402768
1,58,0,4,19,True,63,8,116,2164,10.82,1669937581.5402768
0,59,0,4,20,False,191,7,107,1899,9.495,1669937581.618323
1,59,0,4,19,True,190,7,80,1872,9.36,1669937581.6189153
0,60,0,4,20,False,62,9,15,2319,11.595,1669937581.693452
1,60,0,4,19,True,62,8,244,2292,11.46,1669937581.694359
0,61,0,4,20,False,190,8,71,2119,10.595,1669937581.7725608
1,61,0,4,19,True,190,8,44,2092,10.46,1669937581.7728586
0,62,0,4,20,False,61,9,27,2331,11.655,1669937581.8485737
1,62,0,4,19,True,61,9,1,2305,11.525,1669937581.8488011
0,63,0,4,20,False,189,8,104,2152,10.76,1669937581.9086533
1,63,0,4,19,True,189,8,77,2125,10.625,1669937581.908995
0,64,0,4,20,False,60,8,250,2298,11.49,1669937582.004835
1,64,0,4,19,True,60,8,223,2271,11.355,1669937582.004991
0,65,0,4,20,False,188,8,75,2123,10.615,1669937582.0827658
1,65,0,4,19,True,188,8,48,2096,10.48,1669937582.083319
0,66,0,4,20,False,59,10,11,2571,12.855,1669937582.1595109
1,66,0,4,19,True,59,9,240,2544,12.72,1669937582.1605124
0,67,0,4,20,False,187,7,254,2046,10.23,1669937582.2373283
1,67,0,4,19,True,187,7,226,2018,10.09,1669937582.2373283
0,68,0,4,20,False,59,10,17,2577,12.885,1669937582.3157835
1,68,0,4,19,True,58,9,246,2550,12.75,1669937582.316326
0,69,0,4,20,False,186,8,38,2086,10.43,1669937582.3943486
1,69,0,4,19,True,186,8,11,2059,10.295,1669937582.3943486
0,70,0,4,20,False,58,8,100,2148,10.74,1669937582.4714165
1,70,0,4,19,True,58,8,73,2121,10.605,1669937582.4714165
0,71,0,4,20,False,185,9,118,2422,12.11,1669937582.5293174
1,71,0,4,19,True,185,9,91,2395,11.975,1669937582.5293174
0,72,0,4,20,False,57,7,149,1941,9.705,1669937582.629499
1,72,0,4,19,True,57,7,122,1914,9.57,1669937582.6300416
0,73,0,4,20,False,184,9,166,2470,12.35,1669937582.707295
1,73,0,4,19,True,184,9,139,2443,12.215,1669937582.7082927
0,74,0,4,20,False,56,7,214,2006,10.03,1669937582.7676551
1,74,0,4,19,True,56,7,187,1979,9.895,1669937582.768118
0,75,0,4,20,False,183,9,101,2405,12.025,1669937582.8477068
1,75,0,4,19,True,183,9,74,2378,11.89,1669937582.8482552
0,76,0,4,20,False,55,9,99,2403,12.015,1669937582.9387114
1,76,0,4,19,True,55,9,72,2376,11.88,1669937582.9392776
0,77,0,4,20,False,182,8,118,2166,10.83,1669937583.012839
1,77,0,4,19,True,182,8,91,2139,10.695,1669937583.012839
0,78,0,4,20,False,54,9,81,2385,11.925,1669937583.0796425
1,78,0,4,19,True,54,9,54,2358,11.79,1669937583.0801845
0,79,0,4,20,False,182,8,191,2239,11.195,1669937583.152252
1,79,0,4,19,True,181,8,165,2213,11.065,1669937583.152252
0,80,0,4,20,False,53,8,41,2089,10.445,1669937583.235447
1,80,0,4,19,True,53,8,14,2062,10.31,1669937583.2362857
0,81,0,4,20,False,181,9,0,2304,11.52,1669937583.3093457
1,81,0,4,19,True,181,8,229,2277,11.385,1669937583.3093457
0,82,0,4,20,False,52,8,122,2170,10.85,1669937583.3890772
1,82,0,4,19,True,52,8,95,2143,10.715,1669937583.3892925
0,83,0,4,20,False,180,7,243,2035,10.175,1669937583.468432
1,83,0,4,19,True,180,7,216,2008,10.04,1669937583.468635
0,84,0,4,20,False,51,9,83,2387,11.935,1669937583.5303116
1,84,0,4,19,True,51,9,56,2360,11.8,1669937583.5303116
0,85,0,4,20,False,179,9,160,2464,12.32,1669937583.6281893
1,85,0,4,19,True,179,9,134,2438,12.19,1669937583.6287282
0,86,0,4,20,False,50,8,142,2190,10.95,1669937583.706239
1,86,0,4,19,True,50,8,115,2163,10.815,1669937583.706239
0,87,0,4,20,False,178,8,188,2236,11.18,1669937583.7836545
1,87,0,4,19,True,178,8,161,2209,11.045,1669937583.7842047
0,88,0,4,20,False,50,9,38,2342,11.71,1669937583.8567762
1,88,0,4,19,True,49,9,11,2315,11.575,1669937583.8570135
0,89,0,4,20,False,177,9,79,2383,11.915,1669937583.9407914
1,89,0,4,19,True,177,9,52,2356,11.78,1669937583.9407914
0,90,0,4,20,False,49,9,25,2329,11.645,1669937584.0136576
1,90,0,4,19,True,49,8,254,2302,11.51,1669937584.013908
0,91,0,4,20,False,176,8,85,2133,10.665,1669937584.09127
1,91,0,4,19,True,176,8,59,2107,10.535,1669937584.09127
0,92,0,4,20,False,48,8,68,2116,10.58,1669937584.1707258
1,92,0,4,19,True,48,8,41,2089,10.445,1669937584.1707258
0,93,0,4,20,False,175,9,22,2326,11.63,1669937584.2532225
1,93,0,4,19,True,175,8,252,2300,11.5,1669937584.2541852
0,94,0,4,20,False,47,9,61,2365,11.825,1669937584.3297365
1,94,0,4,19,True,47,9,34,2338,11.69,1669937584.3300552
0,95,0,4,20,False,174,8,60,2108,10.54,1669937584.4087884
1,95,0,4,19,True,174,8,33,2081,10.405,1669937584.4099574
0,96,0,4,20,False,46,8,188,2236,11.18,1669937584.4662638
1,96,0,4,19,True,46,8,162,2210,11.05,1669937584.4664829
0,97,0,4,20,False,173,8,122,2170,10.85,1669937584.5485141
1,97,0,4,19,True,173,8,95,2143,10.715,1669937584.5497234
0,98,0,4,20,False,45,9,42,2346,11.73,1669937584.6244612
1,98,0,4,19,True,45,9,15,2319,11.595,1669937584.6244612
0,99,0,4,20,False,173,9,12,2316,11.58,1669937584.7012663
1,99,0,4,19,True,172,8,241,2289,11.445,1669937584.7012663
0,100,0,4,20,False,44,7,197,1989,9.945,1669937584.7818396
1,100,0,4,19,True,44,7,170,1962,9.81,1669937584.782066
0,101,0,4,20,False,172,8,161,2209,11.045,1669937584.8613665
1,101,0,4,19,True,172,8,134,2182,10.91,1669937584.8613665
0,102,0,4,20,False,43,8,178,2226,11.13,1669937584.9168077
1,102,0,4,19,True,43,8,151,2199,10.995,1669937584.9170306
0,103,0,4,20,False,171,8,96,2144,10.72,1669937585.0087216
1,103,0,4,19,True,171,8,70,2118,10.59,1669937585.0089557
0,104,0,4,20,False,42,9,115,2419,12.095,1669937585.0934224
1,104,0,4,19,True,42,9,88,2392,11.96,1669937585.094194
0,105,0,4,20,False,170,8,218,2266,11.33,1669937585.1693907
1,105,0,4,19,True,170,8,190,2238,11.19,1669937585.1693907
0,106,0,4,20,False,41,9,6,2310,11.55,1669937585.2475648
1,106,0,4,19,True,41,8,235,2283,11.415,1669937585.2481177
0,107,0,4,20,False,169,9,49,2353,11.765,1669937585.32735
1,107,0,4,19,True,169,9,23,2327,11.635,1669937585.3282382
0,108,0,4,20,False,40,8,55,2103,10.515,1669937585.4017694
1,108,0,4,19,True,40,8,29,2077,10.385,1669937585.4019978
0,109,0,4,20,False,168,8,252,2300,11.5,1669937585.4813578
1,109,0,4,19,True,168,8,225,2273,11.365,1669937585.4822788
0,110,0,4,20,False,40,8,250,2298,11.49,1669937585.5594938
1,110,0,4,19,True,40,8,223,2271,11.355,1669937585.5594938
0,111,0,4,20,False,167,8,12,2060,10.3,1669937585.6333375
1,111,0,4,19,True,167,7,242,2034,10.17,1669937585.6336083
0,112,0,4,20,False,39,8,88,2136,10.68,1669937585.6960354
1,112,0,4,19,True,39,8,61,2109,10.545,1669937585.696248
0,113,0,4,20,False,166,10,190,2750,13.75,1669937585.7789567
1,113,0,4,19,True,166,10,163,2723,13.615,1669937585.7791622
0,114,0,4,20,False,38,9,82,2386,11.93,1669937585.8568528
1,114,0,4,19,True,38,9,55,2359,11.795,1669937585.8573961
0,115,0,4,20,False,165,8,3,2051,10.255,1669937585.9492853
1,115,0,4,19,True,165,7,233,2025,10.125,1669937585.9502802
0,116,0,4,20,False,37,8,45,2093,10.465,1669937586.007968
1,116,0,4,19,True,37,8,17,2065,10.325,1669937586.007968
0,117,0,4,20,False,164,9,106,2410,12.05,1669937586.1038318
1,117,0,4,19,True,164,9,78,2382,11.91,1669937586.1042404
0,118,0,4,20,False,36,7,248,2040,10.2,1669937586.1836169
1,118,0,4,19,True,36,7,221,2013,10.065,1669937586.1841693
0,119,0,4,20,False,164,7,179,1971,9.855,1669937586.261479
1,119,0,4,19,True,163,7,152,1944,9.72,1669937586.261479
0,120,0,4,20,False,35,9,165,2469,12.345,1669937586.3388307
1,120,0,4,19,True,35,9,138,2442,12.21,1669937586.339377
0,121,0,4,20,False,163,8,2,2050,10.25,1669937586.417766
1,121,0,4,19,True,163,7,231,2023,10.115,1669937586.4182131
0,122,0,4,20,False,34,8,213,2261,11.305,1669937586.4879165
1,122,0,4,19,True,34,8,185,2233,11.165,1669937586.4879165
0,123,0,4,20,False,162,8,108,2156,10.78,1669937586.5714698
1,123,0,4,19,True,162,8,81,2129,10.645,1669937586.5714698
0,124,0,4,20,False,33,8,136,2184,10.92,1669937586.643396
1,124,0,4,19,True,33,8,109,2157,10.785,1669937586.6443932
0,125,0,4,20,False,161,7,198,1990,9.95,1669937586.7054222
1,125,0,4,19,True,161,7,171,1963,9.815,1669937586.7054222
0,126,0,4,20,False,32,9,17,2321,11.605,1669937586.8035328
1,126,0,4,19,True,32,8,246,2294,11.47,1669937586.8040648
0,127,0,4,20,False,160,8,176,2224,11.12,1669937586.8805733
1,127,0,4,19,True,160,8,149,2197,10.985,1669937586.8805733
0,128,0,4,20,False,32,8,107,2155,10.775,1669937586.9593763
1,128,0,4,19,True,31,8,81,2129,10.645,1669937586.9593763
0,129,0,4,20,False,159,9,128,2432,12.16,1669937587.033781
1,129,0,4,19,True,159,9,101,2405,12.025,1669937587.03406
0,130,0,4,20,False,31,8,79,2127,10.635,1669937587.1147346
1,130,0,4,19,True,31,8,52,2100,10.5,1669937587.1149547
0,131,0,4,20,False,158,9,72,2376,11.88,1669937587.179012
1,131,0,4,19,True,158,9,45,2349,11.745,1669937587.1795537
0,132,0,4,20,False,30,8,160,2208,11.04,1669937587.2655866
1,132,0,4,19,True,30,8,133,2181,10.905,1669937587.2655866
0,133,0,4,20,False,157,8,175,2223,11.115,1669937587.3149056
1,133,0,4,19,True,157,8,148,2196,10.98,1669937587.3149056
0,134,0,4,20,False,29,9,149,2453,12.265,1669937587.4114513
1,134,0,4,19,True,29,9,123,2427,12.135,1669937587.4114513
0,135,0,4,20,False,156,7,243,2035,10.175,1669937587.4692862
1,135,0,4,19,True,156,7,215,2007,10.035,1669937587.4692862
0,136,0,4,20,False,28,9,114,2418,12.09,1669937587.5643096
1,136,0,4,19,True,28,9,88,2392,11.96,1669937587.5645146
0,137,0,4,20,False,155,8,178,2226,11.13,1669937587.6451511
1,137,0,4,19,True,155,8,151,2199,10.995,1669937587.6451511
0,138,0,4,20,False,27,8,160,2208,11.04,1669937587.7211246
1,138,0,4,19,True,27,8,133,2181,10.905,1669937587.7211246
0,139,0,4,20,False,155,8,35,2083,10.415,1669937587.7999568
1,139,0,4,19,True,154,8,7,2055,10.275,1669937587.8001523
0,140,0,4,20,False,26,9,230,2534,12.67,1669937587.8724544
1,140,0,4,19,True,26,9,203,2507,12.535,1669937587.8726676
0,141,0,4,20,False,154,8,70,2118,10.59,1669937587.9541268
1,141,0,4,19,True,154,8,44,2092,10.46,1669937587.9543247
0,142,0,4,20,False,25,8,59,2107,10.535,1669937588.0335379
1,142,0,4,19,True,25,8,32,2080,10.4,1669937588.0335379
0,143,0,4,20,False,153,8,230,2278,11.39,1669937588.1067493
1,143,0,4,19,True,153,8,204,2252,11.26,1669937588.106986
0,144,0,4,20,False,24,8,84,2132,10.66,1669937588.1893947
1,144,0,4,19,True,24,8,58,2106,10.53,1669937588.1893947
0,145,0,4,20,False,152,8,16,2064,10.32,1669937588.2681508
1,145,0,4,19,True,152,7,245,2037,10.185,1669937588.2681508
0,146,0,4,20,False,23,8,216,2264,11.32,1669937588.3461406
1,146,0,4,19,True,23,8,189,2237,11.185,1669937588.3461406
0,147,0,4,20,False,151,8,174,2222,11.11,1669937588.422142
1,147,0,4,19,True,151,8,147,2195,10.975,1669937588.422372
0,148,0,4,20,False,22,8,168,2216,11.08,1669937588.4997897
1,148,0,4,19,True,22,8,140,2188,10.94,1669937588.4997897
0,149,0,4,20,False,150,8,145,2193,10.965,1669937588.5792227
1,149,0,4,19,True,150,8,118,2166,10.83,1669937588.5801685
0,150,0,4,20,False,22,8,117,2165,10.825,1669937588.6555228
1,150,0,4,19,True,22,8,90,2138,10.69,1669937588.656075
0,151,0,4,20,False,149,8,93,2141,10.705,1669937588.732936
1,151,0,4,19,True,149,8,66,2114,10.57,1669937588.7330058
0,152,0,4,20,False,21,8,165,2213,11.065,1669937588.8112864
1,152,0,4,19,True,21,8,138,2186,10.93,1669937588.8112864
0,153,0,4,20,False,148,7,226,2018,10.09,1669937588.88922
1,153,0,4,19,True,148,7,199,1991,9.955,1669937588.8901825
0,154,0,4,20,False,20,9,143,2447,12.235,1669937588.9673843
1,154,0,4,19,True,20,9,116,2420,12.1,1669937588.9673843
0,155,0,4,20,False,147,8,61,2109,10.545,1669937589.0244038
1,155,0,4,19,True,147,8,34,2082,10.41,1669937589.0246246
0,156,0,4,20,False,19,9,94,2398,11.99,1669937589.1203234
1,156,0,4,19,True,19,9,67,2371,11.855,1669937589.1203234
0,157,0,4,20,False,146,8,25,2073,10.365,1669937589.1954496
1,157,0,4,19,True,146,7,254,2046,10.23,1669937589.195702
0,158,0,4,20,False,18,9,31,2335,11.675,1669937589.277582
1,158,0,4,19,True,18,9,4,2308,11.54,1669937589.2781298
0,159,0,4,20,False,146,7,208,2000,10.0,1669937589.3552735
1,159,0,4,19,True,145,7,181,1973,9.865,1669937589.3562431
0,160,0,4,20,False,17,9,147,2451,12.255,1669937589.4341822
1,160,0,4,19,True,17,9,119,2423,12.115,1669937589.4341822
0,161,0,4,20,False,145,7,232,2024,10.12,1669937589.511369
1,161,0,4,19,True,145,7,205,1997,9.985,1669937589.5121498
0,162,0,4,20,False,16,9,44,2348,11.74,1669937589.5892491
1,162,0,4,19,True,16,9,18,2322,11.61,1669937589.5903401
0,163,0,4,20,False,144,8,23,2071,10.355,1669937589.6471138
1,163,0,4,19,True,144,7,251,2043,10.215,1669937589.6471138
0,164,0,4,20,False,15,9,98,2402,12.01,1669937589.7440908
1,164,0,4,19,True,15,9,71,2375,11.875,1669937589.7443142
0,165,0,4,20,False,143,8,24,2072,10.36,1669937589.8227773
1,165,0,4,19,True,143,7,253,2045,10.225,1669937589.8241677
0,166,0,4,20,False,14,9,48,2352,11.76,1669937589.9021065
1,166,0,4,19,True,14,9,21,2325,11.625,1669937589.9026566
0,167,0,4,20,False,142,8,61,2109,10.545,1669937589.980049
1,167,0,4,19,True,142,8,35,2083,10.415,1669937589.980049
0,168,0,4,20,False,13,8,253,2301,11.505,1669937590.0560257
1,168,0,4,19,True,13,8,227,2275,11.375,1669937590.0562475
0,169,0,4,20,False,141,8,38,2086,10.43,1669937590.1148887
1,169,0,4,19,True,141,8,11,2059,10.295,1669937590.1150327
0,170,0,4,20,False,13,9,66,2370,11.85,1669937590.1994002
1,170,0,4,19,True,13,9,39,2343,11.715,1669937590.1999412
0,171,0,4,20,False,140,8,181,2229,11.145,1669937590.2758515
1,171,0,4,19,True,140,8,155,2203,11.015,1669937590.2761576
0,172,0,4,20,False,12,8,185,2233,11.165,1669937590.3484628
1,172,0,4,19,True,12,8,158,2206,11.03,1669937590.3484628
0,173,0,4,20,False,139,9,112,2416,12.08,1669937590.4299736
1,173,0,4,19,True,139,9,86,2390,11.95,1669937590.4302099
0,174,0,4,20,False,11,8,28,2076,10.38,1669937590.5035155
1,174,0,4,19,True,11,8,1,2049,10.245,1669937590.5035155
0,175,0,4,20,False,138,9,28,2332,11.66,1669937590.583043
1,175,0,4,19,True,138,9,2,2306,11.53,1669937590.5832899
0,176,0,4,20,False,10,8,68,2116,10.58,1669937590.665487
1,176,0,4,19,True,10,8,41,2089,10.445,1669937590.6660328
0,177,0,4,20,False,137,8,99,2147,10.735,1669937590.7436361
1,177,0,4,19,True,137,8,72,2120,10.6,1669937590.7449632
0,178,0,4,20,False,9,9,171,2475,12.375,1669937590.8195903
1,178,0,4,19,True,9,9,144,2448,12.24,1669937590.8201332
0,179,0,4,20,False,137,8,53,2101,10.505,1669937590.8976536
1,179,0,4,19,True,136,8,27,2075,10.375,1669937590.8976536
0,180,0,4,20,False,8,9,102,2406,12.03,1669937590.9761343
1,180,0,4,19,True,8,9,74,2378,11.89,1669937590.9767737
0,181,0,4,20,False,136,7,214,2006,10.03,1669937591.0368931
1,181,0,4,19,True,136,7,188,1980,9.9,1669937591.0368931
0,182,0,4,20,False,7,9,41,2345,11.725,1669937591.1315563
1,182,0,4,19,True,7,9,15,2319,11.595,1669937591.1315563
0,183,0,4,20,False,135,8,86,2134,10.67,1669937591.2058218
1,183,0,4,19,True,135,8,60,2108,10.54,1669937591.2058218
0,184,0,4,20,False,6,9,86,2390,11.95,1669937591.287747
1,184,0,4,19,True,6,9,59,2363,11.815,1669937591.2880597
0,185,0,4,20,False,134,8,77,2125,10.625,1669937591.3643034
1,185,0,4,19,True,134,8,50,2098,10.49,1669937591.3650656
0,186,0,4,20,False,5,8,212,2260,11.3,1669937591.4434142
1,186,0,4,19,True,5,8,186,2234,11.17,1669937591.443961
0,187,0,4,20,False,133,9,73,2377,11.885,1669937591.5218463
1,187,0,4,19,True,133,9,46,2350,11.75,1669937591.5218463
0,188,0,4,20,False,5,8,41,2089,10.445,1669937591.5991626
1,188,0,4,19,True,4,8,14,2062,10.31,1669937591.6001208
0,189,0,4,20,False,132,8,210,2258,11.29,1669937591.6777546
1,189,0,4,19,True,132,8,183,2231,11.155,1669937591.678072
0,190,0,4,20,False,4,8,36,2084,10.42,1669937591.7554178
1,190,0,4,19,True,4,8,9,2057,10.285,1669937591.755966
0,191,0,4,20,False,131,8,97,2145,10.725,1669937591.8340886
1,191,0,4,19,True,131,8,70,2118,10.59,1669937591.8348594
0,192,0,4,20,False,3,8,47,2095,10.475,1669937591.907748
1,192,0,4,19,True,3,8,20,2068,10.34,1669937591.9080234
0,193,0,4,20,False,130,9,201,2505,12.525,1669937591.9893208
1,193,0,4,19,True,130,9,174,2478,12.39,1669937591.9903178
0,194,0,4,20,False,2,8,181,2229,11.145,1669937592.0640566
1,194,0,4,19,True,2,8,154,2202,11.01,1669937592.0643694
0,195,0,4,20,False,129,7,248,2040,10.2,1669937592.1457827
1,195,0,4,19,True,129,7,221,2013,10.065,1669937592.1460967
0,196,0,4,20,False,1,9,84,2388,11.94,1669937592.2032254
1,196,0,4,19,True,1,9,57,2361,11.805,1669937592.2041702
0,197,0,4,20,False,128,8,41,2089,10.445,1669937592.2846298
1,197,0,4,19,True,128,8,14,2062,10.31,1669937592.285036
0,198,0,4,20,False,0,9,112,2416,12.08,1669937592.366614
1,198,0,4,19,True,0,9,85,2389,11.945,1669937592.3671565
0,199,0,4,20,False,128,8,241,2289,11.445,1669937592.4246047
1,199,0,4,19,True,127,8,214,2262,11.31,1669937592.424843
0,200,0,4,20,False,255,8,125,2173,10.865,1669937592.519905
1,200,0,4,19,True,255,8,97,2145,10.725,1669937592.520128
0,201,0,4,20,False,127,8,246,2294,11.47,1669937592.5998526
1,201,0,4,19,True,127,8,219,2267,11.335,1669937592.6008599
0,202,0,4,20,False,254,8,32,2080,10.4,1669937592.6703188
1,202,0,4,19,True,254,8,5,2053,10.265,1669937592.6703188
0,203,0,4,20,False,126,8,255,2303,11.515,1669937592.7483385
1,203,0,4,19,True,126,8,228,2276,11.38,1669937592.7485645
0,204,0,4,20,False,253,9,102,2406,12.03,1669937592.8292365
1,204,0,4,19,True,253,9,75,2379,11.895,1669937592.8296757
0,205,0,4,20,False,125,7,244,2036,10.18,1669937592.90944
1,205,0,4,19,True,125,7,217,2009,10.045,1669937592.90944
0,206,0,4,20,False,252,9,76,2380,11.9,1669937592.9870484
1,206,0,4,19,True,252,9,49,2353,11.765,1669937592.9880433
0,207,0,4,20,False,124,8,128,2176,10.88,1669937593.065509
1,207,0,4,19,True,124,8,100,2148,10.74,1669937593.065978
0,208,0,4,20,False,252,9,23,2327,11.635,1669937593.1387997
1,208,0,4,19,True,251,8,252,2300,11.5,1669937593.1390514
0,209,0,4,20,False,123,7,217,2009,10.045,1669937593.223903
1,209,0,4,19,True,123,7,190,1982,9.91,1669937593.224078
0,210,0,4,20,False,251,9,197,2501,12.505,1669937593.2942495
1,210,0,4,19,True,251,9,170,2474,12.37,1669937593.2942495
0,211,0,4,20,False,122,7,244,2036,10.18,1669937593.3570812
1,211,0,4,19,True,122,7,217,2009,10.045,1669937593.3570812
0,212,0,4,20,False,250,10,6,2566,12.83,1669937593.4368799
1,212,0,4,19,True,250,9,236,2540,12.7,1669937593.4368799
0,213,0,4,20,False,121,9,49,2353,11.765,1669937593.53464
1,213,0,4,19,True,121,9,22,2326,11.63,1669937593.53464
0,214,0,4,20,False,249,9,16,2320,11.6,1669937593.6106386
1,214,0,4,19,True,249,8,246,2294,11.47,1669937593.6106386
0,215,0,4,20,False,120,8,176,2224,11.12,1669937593.6573417
1,215,0,4,19,True,120,8,149,2197,10.985,1669937593.6573417
0,216,0,4,20,False,248,8,221,2269,11.345,1669937593.7371356
1,216,0,4,19,True,248,8,195,2243,11.215,1669937593.7371356
0,217,0,4,20,False,119,8,150,2198,10.99,1669937593.8150306
1,217,0,4,19,True,119,8,123,2171,10.855,1669937593.8160303
0,218,0,4,20,False,247,8,244,2292,11.46,1669937593.915388
1,218,0,4,19,True,247,8,217,2265,11.325,1669937593.9159195
0,219,0,4,20,False,119,8,128,2176,10.88,1669937593.990235
1,219,0,4,19,True,118,8,101,2149,10.745,1669937593.990235
0,220,0,4,20,False,246,9,1,2305,11.525,1669937594.06799
1,220,0,4,19,True,246,8,230,2278,11.39,1669937594.0682168
0,221,0,4,20,False,118,8,171,2219,11.095,1669937594.147367
1,221,0,4,19,True,118,8,144,2192,10.96,1669937594.1485863
0,222,0,4,20,False,245,9,94,2398,11.99,1669937594.2254026
1,222,0,4,19,True,245,9,67,2371,11.855,1669937594.2259479
0,223,0,4,20,False,117,8,152,2200,11.0,1669937594.2840128
1,223,0,4,19,True,117,8,125,2173,10.865,1669937594.2842438
0,224,0,4,20,False,244,7,245,2037,10.185,1669937594.3771923
1,224,0,4,19,True,244,7,218,2010,10.05,1669937594.3781905
0,225,0,4,20,False,116,8,47,2095,10.475,1669937594.4390266
1,225,0,4,19,True,116,8,20,2068,10.34,1669937594.4390266
0,226,0,4,20,False,243,8,233,2281,11.405,1669937594.5189707
1,226,0,4,19,True,243,8,206,2254,11.27,1669937594.5189707
0,227,0,4,20,False,115,9,74,2378,11.89,1669937594.5982652
1,227,0,4,19,True,115,9,47,2351,11.755,1669937594.5994291
0,228,0,4,20,False,242,8,160,2208,11.04,1669937594.6952698
1,228,0,4,19,True,242,8,132,2180,10.9,1669937594.6957943
0,229,0,4,20,False,114,8,228,2276,11.38,1669937594.7732322
1,229,0,4,19,True,114,8,201,2249,11.245,1669937594.774032
0,230,0,4,20,False,242,9,86,2390,11.95,1669937594.850993
1,230,0,4,19,True,242,9,59,2363,11.815,1669937594.8519578
0,231,0,4,20,False,113,8,143,2191,10.955,1669937594.9092114
1,231,0,4,19,True,113,8,116,2164,10.82,1669937594.9092114
0,232,0,4,20,False,241,9,14,2318,11.59,1669937594.9730287
1,232,0,4,19,True,241,8,242,2290,11.45,1669937594.9730287
0,233,0,4,20,False,112,8,171,2219,11.095,1669937595.0685997
1,233,0,4,19,True,112,8,144,2192,10.96,1669937595.0688097
0,234,0,4,20,False,240,8,43,2091,10.455,1669937595.1498566
1,234,0,4,19,True,240,8,16,2064,10.32,1669937595.1500618
0,235,0,4,20,False,111,7,171,1963,9.815,1669937595.2293434
1,235,0,4,19,True,111,7,144,1936,9.68,1669937595.2293434
0,236,0,4,20,False,239,9,167,2471,12.355,1669937595.3025327
1,236,0,4,19,True,239,9,140,2444,12.22,1669937595.302735
0,237,0,4,20,False,110,8,147,2195,10.975,1669937595.365408
1,237,0,4,19,True,110,8,120,2168,10.84,1669937595.365714
0,238,0,4,20,False,238,7,128,1920,9.6,1669937595.45799
1,238,0,4,19,True,238,7,102,1894,9.47,1669937595.45799
0,239,0,4,20,False,110,9,64,2368,11.84,1669937595.5391881
1,239,0,4,19,True,109,9,38,2342,11.71,1669937595.5391881
0,240,0,4,20,False,237,8,72,2120,10.6,1669937595.6163745
1,240,0,4,19,True,237,8,45,2093,10.465,1669937595.6172993
0,241,0,4,20,False,109,7,146,1938,9.69,1669937595.691269
1,241,0,4,19,True,109,7,119,1911,9.555,1669937595.691269
0,242,0,4,20,False,236,8,252,2300,11.5,1669937595.775974
1,242,0,4,19,True,236,8,226,2274,11.37,1669937595.775974
0,243,0,4,20,False,108,8,90,2138,10.69,1669937595.84821
1,243,0,4,19,True,108,8,63,2111,10.555,1669937595.84821
0,244,0,4,20,False,235,9,178,2482,12.41,1669937595.9090462
1,244,0,4,19,True,235,9,151,2455,12.275,1669937595.9090462
0,245,0,4,20,False,107,8,82,2130,10.65,1669937595.9868448
1,245,0,4,19,True,107,8,56,2104,10.52,1669937595.9868448
0,246,0,4,20,False,234,9,138,2442,12.21,1669937596.0851321
1,246,0,4,19,True,234,9,111,2415,12.075,1669937596.0856583
0,247,0,4,20,False,106,9,36,2340,11.7,1669937596.160491
1,247,0,4,19,True,106,9,9,2313,11.565,1669937596.161487
0,248,0,4,20,False,234,8,123,2171,10.855,1669937596.2351964
1,248,0,4,19,True,233,8,96,2144,10.72,1669937596.2354481
0,249,0,4,20,False,105,7,190,1982,9.91,1669937596.311752
1,249,0,4,19,True,105,7,163,1955,9.775,1669937596.311752
0,250,0,4,20,False,233,8,194,2242,11.21,1669937596.3765833
1,250,0,4,19,True,233,8,168,2216,11.08,1669937596.3765833
0,251,0,4,20,False,104,8,226,2274,11.37,1669937596.4531794
1,251,0,4,19,True,104,8,199,2247,11.235,1669937596.4531794
0,252,0,4,20,False,232,7,243,2035,10.175,1669937596.5506725
1,252,0,4,19,True,232,7,217,2009,10.045,1669937596.5506725
0,253,0,4,20,False,103,9,70,2374,11.87,1669937596.6093283
1,253,0,4,19,True,103,9,42,2346,11.73,1669937596.6093283
0,254,0,4,20,False,231,8,125,2173,10.865,1669937596.7031908
1,254,0,4,19,True,231,8,98,2146,10.73,1669937596.7031908
0,255,0,4,20,False,102,8,97,2145,10.725,1669937596.7842443
1,255,0,4,19,True,102,8,70,2118,10.59,1669937596.7844684
0,256,0,4,20,False,230,9,44,2348,11.74,1669937596.841616
1,256,0,4,19,True,230,9,17,2321,11.605,1669937596.8426106
0,257,0,4,20,False,101,7,197,1989,9.945,1669937596.9213946
1,257,0,4,19,True,101,7,170,1962,9.81,1669937596.9213946
0,258,0,4,20,False,229,10,12,2572,12.86,1669937596.9832332
1,258,0,4,19,True,229,9,241,2545,12.725,1669937596.9832332
0,259,0,4,20,False,101,8,8,2056,10.28,1669937597.0827692
1,259,0,4,19,True,100,7,237,2029,10.145,1669937597.08301
0,260,0,4,20,False,228,8,23,2071,10.355,1669937597.1611874
1,260,0,4,19,True,228,7,252,2044,10.22,1669937597.1611874
0,261,0,4,20,False,100,8,0,2048,10.24,1669937597.2390425
1,261,0,4,19,True,100,7,229,2021,10.105,1669937597.2399342
0,262,0,4,20,False,227,7,238,2030,10.15,1669937597.317693
1,262,0,4,19,True,227,7,211,2003,10.015,1669937597.317693
0,263,0,4,20,False,99,9,17,2321,11.605,1669937597.376273
1,263,0,4,19,True,99,8,246,2294,11.47,1669937597.3765025
0,264,0,4,20,False,226,8,63,2111,10.555,1669937597.473373
1,264,0,4,19,True,226,8,36,2084,10.42,1669937597.473875
0,265,0,4,20,False,98,9,94,2398,11.99,1669937597.5474925
1,265,0,4,19,True,98,9,67,2371,11.855,1669937597.5477238
0,266,0,4,20,False,225,8,147,2195,10.975,1669937597.6234374
1,266,0,4,19,True,225,8,121,2169,10.845,1669937597.6234374
0,267,0,4,20,False,97,8,204,2252,11.26,1669937597.6852794
1,267,0,4,19,True,97,8,178,2226,11.13,1669937597.6852794
0,268,0,4,20,False,224,8,174,2222,11.11,1669937597.7649357
1,268,0,4,19,True,224,8,147,2195,10.975,1669937597.7649357
0,269,0,4,20,False,96,8,135,2183,10.915,1669937597.844179
1,269,0,4,19,True,96,8,108,2156,10.78,1669937597.8444064
0,270,0,4,20,False,224,8,218,2266,11.33,1669937597.9368167
1,270,0,4,19,True,224,8,192,2240,11.2,1669937597.9370766
0,271,0,4,20,False,95,8,145,2193,10.965,1669937598.016211
1,271,0,4,19,True,95,8,118,2166,10.83,1669937598.0164342
0,272,0,4,20,False,223,9,76,2380,11.9,1669937598.0808535
1,272,0,4,19,True,223,9,49,2353,11.765,1669937598.0808535
0,273,0,4,20,False,94,8,26,2074,10.37,1669937598.1759627
1,273,0,4,19,True,94,7,254,2046,10.23,1669937598.1761913
0,274,0,4,20,False,222,8,231,2279,11.395,1669937598.2391272
1,274,0,4,19,True,222,8,204,2252,11.26,1669937598.2398884
0,275,0,4,20,False,93,8,35,2083,10.415,1669937598.3324432
1,275,0,4,19,True,93,8,8,2056,10.28,1669937598.3324432
0,276,0,4,20,False,221,9,65,2369,11.845,1669937598.4082346
1,276,0,4,19,True,221,9,38,2342,11.71,1669937598.408398
0,277,0,4,20,False,92,7,236,2028,10.14,1669937598.47106
1,277,0,4,19,True,92,7,209,2001,10.005,1669937598.47106
0,278,0,4,20,False,220,9,22,2326,11.63,1669937598.5468934
1,278,0,4,19,True,220,8,251,2299,11.495,1669937598.547096
0,279,0,4,20,False,92,8,212,2260,11.3,1669937598.6289508
1,279,0,4,19,True,91,8,186,2234,11.17,1669937598.6297393
0,280,0,4,20,False,219,7,184,1976,9.88,1669937598.7058494
1,280,0,4,19,True,219,7,158,1950,9.75,1669937598.7065756
0,281,0,4,20,False,91,9,38,2342,11.71,1669937598.782931
1,281,0,4,19,True,91,9,11,2315,11.575,1669937598.782931
0,282,0,4,20,False,218,8,56,2104,10.52,1669937598.8611846
1,282,0,4,19,True,218,8,30,2078,10.39,1669937598.8611846
0,283,0,4,20,False,90,9,133,2437,12.185,1669937598.9364328
1,283,0,4,19,True,90,9,105,2409,12.045,1669937598.9377239
0,284,0,4,20,False,217,8,231,2279,11.395,1669937599.0110438
1,284,0,4,19,True,217,8,203,2251,11.255,1669937599.0110438
0,285,0,4,20,False,89,8,61,2109,10.545,1669937599.0874975
1,285,0,4,19,True,89,8,34,2082,10.41,1669937599.0886564
0,286,0,4,20,False,216,8,107,2155,10.775,1669937599.1722527
1,286,0,4,19,True,216,8,81,2129,10.645,1669937599.1727543
0,287,0,4,20,False,88,8,160,2208,11.04,1669937599.2456157
1,287,0,4,19,True,88,8,134,2182,10.91,1669937599.2456157
0,288,0,4,20,False,216,8,240,2288,11.44,1669937599.3271627
1,288,0,4,19,True,215,8,213,2261,11.305,1669937599.3285446
0,289,0,4,20,False,87,8,238,2286,11.43,1669937599.400776
1,289,0,4,19,True,87,8,211,2259,11.295,1669937599.400776
0,290,0,4,20,False,215,8,215,2263,11.315,1669937599.4844174
1,290,0,4,19,True,215,8,188,2236,11.18,1669937599.4849217
0,291,0,4,20,False,86,9,95,2399,11.995,1669937599.5616062
1,291,0,4,19,True,86,9,68,2372,11.86,1669937599.5627186
0,292,0,4,20,False,214,7,175,1967,9.835,1669937599.6341655
1,292,0,4,19,True,214,7,147,1939,9.695,1669937599.6343658
0,293,0,4,20,False,85,9,207,2511,12.555,1669937599.7169895
1,293,0,4,19,True,85,9,180,2484,12.42,1669937599.717495
0,294,0,4,20,False,213,8,55,2103,10.515,1669937599.7959058
1,294,0,4,19,True,213,8,27,2075,10.375,1669937599.796441
0,295,0,4,20,False,84,8,250,2298,11.49,1669937599.867724
1,295,0,4,19,True,84,8,223,2271,11.355,1669937599.867724
0,296,0,4,20,False,212,8,37,2085,10.425,1669937599.9463532
1,296,0,4,19,True,212,8,10,2058,10.29,1669937599.946574
0,297,0,4,20,False,83,10,7,2567,12.835,1669937600.0280201
1,297,0,4,19,True,83,9,236,2540,12.7,1669937600.0280201
0,298,0,4,20,False,211,8,210,2258,11.29,1669937600.107918
1,298,0,4,19,True,211,8,183,2231,11.155,1669937600.107918
0,299,0,4,20,False,83,9,143,2447,12.235,1669937600.1855035
1,299,0,4,19,True,82,9,116,2420,12.1,1669937600.1858258
0,300,0,4,20,False,210,8,98,2146,10.73,1669937600.2617314
1,300,0,4,19,True,210,8,72,2120,10.6,1669937600.2624226
0,301,0,4,20,False,82,9,180,2484,12.42,1669937600.3370764
1,301,0,4,19,True,82,9,153,2457,12.285,1669937600.3370764
0,302,0,4,20,False,209,8,46,2094,10.47,1669937600.411408
1,302,0,4,19,True,209,8,18,2066,10.33,1669937600.411408
0,303,0,4,20,False,81,9,151,2455,12.275,1669937600.4934309
1,303,0,4,19,True,81,9,124,2428,12.14,1669937600.4936507
0,304,0,4,20,False,208,8,68,2116,10.58,1669937600.5730245
1,304,0,4,19,True,208,8,41,2089,10.445,1669937600.5730245
0,305,0,4,20,False,80,8,88,2136,10.68,1669937600.650524
1,305,0,4,19,True,80,8,61,2109,10.545,1669937600.651521
0,306,0,4,20,False,207,9,185,2489,12.445,1669937600.7279367
1,306,0,4,19,True,207,9,157,2461,12.305,1669937600.7281656
0,307,0,4,20,False,79,8,105,2153,10.765,1669937600.8073494
1,307,0,4,19,True,79,8,78,2126,10.63,1669937600.8078797
0,308,0,4,20,False,207,9,62,2366,11.83,1669937600.8857846
1,308,0,4,19,True,206,9,35,2339,11.695,1669937600.8863163
0,309,0,4,20,False,78,8,37,2085,10.425,1669937600.9629872
1,309,0,4,19,True,78,8,9,2057,10.285,1669937600.9638329
0,310,0,4,20,False,206,10,7,2567,12.835,1669937601.0202985
1,310,0,4,19,True,206,9,236,2540,12.7,1669937601.0202985
0,311,0,4,20,False,77,8,183,2231,11.155,1669937601.1175508
1,311,0,4,19,True,77,8,157,2205,11.025,1669937601.1178677
0,312,0,4,20,False,205,9,68,2372,11.86,1669937601.1978295
1,312,0,4,19,True,205,9,41,2345,11.725,1669937601.1988404
0,313,0,4,20,False,76,8,111,2159,10.795,1669937601.2578604
1,313,0,4,19,True,76,8,85,2133,10.665,1669937601.2580938
0,314,0,4,20,False,204,8,125,2173,10.865,1669937601.3505127
1,314,0,4,19,True,204,8,98,2146,10.73,1669937601.351538
0,315,0,4,20,False,75,9,207,2511,12.555,1669937601.4136257
1,315,0,4,19,True,75,9,180,2484,12.42,1669937601.413858
0,316,0,4,20,False,203,8,126,2174,10.87,1669937601.4730494
1,316,0,4,19,True,203,8,98,2146,10.73,1669937601.4733322
0,317,0,4,20,False,74,7,250,2042,10.21,1669937601.5702887
1,317,0,4,19,True,74,7,223,2015,10.075,1669937601.571296
0,318,0,4,20,False,202,7,241,2033,10.165,1669937601.647853
1,318,0,4,19,True,202,7,215,2007,10.035,1669937601.6480858
0,319,0,4,20,False,74,9,101,2405,12.025,1669937601.7122912
1,319,0,4,19,True,73,9,74,2378,11.89,1669937601.7128274
0,320,0,4,20,False,201,8,66,2114,10.57,1669937601.8053293
1,320,0,4,19,True,201,8,38,2086,10.43,1669937601.8062472
0,321,0,4,20,False,73,9,19,2323,11.615,1669937601.8830705
1,321,0,4,19,True,73,8,249,2297,11.485,1669937601.8840046
0,322,0,4,20,False,200,8,42,2090,10.45,1669937601.9584715
1,322,0,4,19,True,200,8,15,2063,10.315,1669937601.9594684
0,323,0,4,20,False,72,9,106,2410,12.05,1669937602.033878
1,323,0,4,19,True,72,9,79,2383,11.915,1669937602.0341613
0,324,0,4,20,False,199,9,165,2469,12.345,1669937602.115816
1,324,0,4,19,True,199,9,138,2442,12.21,1669937602.1166816
0,325,0,4,20,False,71,7,217,2009,10.045,1669937602.189022
1,325,0,4,19,True,71,7,190,1982,9.91,1669937602.189022
0,326,0,4,20,False,198,8,166,2214,11.07,1669937602.2524498
1,326,0,4,19,True,198,8,140,2188,10.94,1669937602.252531
0,327,0,4,20,False,70,9,84,2388,11.94,1669937602.3491442
1,327,0,4,19,True,70,9,57,2361,11.805,1669937602.349354
0,328,0,4,20,False,197,8,33,2081,10.405,1669937602.4461608
1,328,0,4,19,True,197,8,6,2054,10.27,1669937602.4461608
0,329,0,4,20,False,69,9,8,2312,11.56,1669937602.5053728
1,329,0,4,19,True,69,8,237,2285,11.425,1669937602.5058053
0,330,0,4,20,False,197,7,203,1995,9.975,1669937602.5813978
1,330,0,4,19,True,197,7,176,1968,9.84,1669937602.5816813
0,331,0,4,20,False,68,9,231,2535,12.675,1669937602.6555429
1,331,0,4,19,True,68,9,204,2508,12.54,1669937602.6555429
0,332,0,4,20,False,196,7,234,2026,10.13,1669937602.735222
1,332,0,4,19,True,196,7,207,1999,9.995,1669937602.7362163
0,333,0,4,20,False,67,9,223,2527,12.635,1669937602.8162847
1,333,0,4,19,True,67,9,196,2500,12.5,1669937602.8173683
0,334,0,4,20,False,195,8,46,2094,10.47,1669937602.8930936
1,334,0,4,19,True,195,8,19,2067,10.335,1669937602.8935988
0,335,0,4,20,False,66,9,142,2446,12.23,1669937602.9692757
1,335,0,4,19,True,66,9,115,2419,12.095,1669937602.9695196
0,336,0,4,20,False,194,8,76,2124,10.62,1669937603.0298376
1,336,0,4,19,True,194,8,49,2097,10.485,1669937603.0301416
0,337,0,4,20,False,65,8,70,2118,10.59,1669937603.1291242
1,337,0,4,19,True,65,8,43,2091,10.455,1669937603.129667
0,338,0,4,20,False,193,9,200,2504,12.52,1669937603.2046893
1,338,0,4,19,True,193,9,173,2477,12.385,1669937603.206024
0,339,0,4,20,False,65,7,182,1974,9.87,1669937603.2837982
1,339,0,4,19,True,64,7,155,1947,9.735,1669937603.2843406
0,340,0,4,20,False,192,9,145,2449,12.245,1669937603.3608847
1,340,0,4,19,True,192,9,118,2422,12.11,1669937603.3608847
0,341,0,4,20,False,64,8,164,2212,11.06,1669937603.439203
1,341,0,4,19,True,64,8,137,2185,10.925,1669937603.439748
0,342,0,4,20,False,191,7,176,1968,9.84,1669937603.5179389
1,342,0,4,19,True,191,7,149,1941,9.705,1669937603.5179389
0,343,0,4,20,False,63,9,43,2347,11.735,1669937603.581432
1,343,0,4,19,True,63,9,16,2320,11.6,1669937603.5818286
0,344,0,4,20,False,190,8,4,2052,10.26,1669937603.6572888
1,344,0,4,19,True,190,7,233,2025,10.125,1669937603.6578214
0,345,0,4,20,False,62,9,91,2395,11.975,1669937603.7351205
1,345,0,4,19,True,62,9,64,2368,11.84,1669937603.7351205
0,346,0,4,20,False,189,8,134,2182,10.91,1669937603.8089561
1,346,0,4,19,True,189,8,108,2156,10.78,1669937603.8089561
0,347,0,4,20,False,61,8,192,2240,11.2,1669937603.8910701
1,347,0,4,19,True,61,8,165,2213,11.065,1669937603.8910701
0,348,0,4,20,False,189,9,97,2401,12.005,1669937603.9687881
1,348,0,4,19,True,188,9,70,2374,11.87,1669937603.9697065
0,349,0,4,20,False,60,8,46,2094,10.47,1669937604.0428314
1,349,0,4,19,True,60,8,19,2067,10.335,1669937604.0428314
0,350,0,4,20,False,188,8,146,2194,10.97,1669937604.123028
1,350,0,4,19,True,188,8,119,2167,10.835,1669937604.123028
0,351,0,4,20,False,59,10,23,2583,12.915,1669937604.2016401
1,351,0,4,19,True,59,9,252,2556,12.78,1669937604.2026668
0,352,0,4,20,False,187,8,178,2226,11.13,1669937604.275428
1,352,0,4,19,True,187,8,152,2200,11.0,1669937604.2757478
0,353,0,4,20,False,58,9,135,2439,12.195,1669937604.3571765
1,353,0,4,19,True,58,9,108,2412,12.06,1669937604.357706
0,354,0,4,20,False,186,8,114,2162,10.81,1669937604.4327598
1,354,0,4,19,True,186,8,87,2135,10.675,1669937604.433768
0,355,0,4,20,False,57,9,1,2305,11.525,1669937604.5133958
1,355,0,4,19,True,57,8,230,2278,11.39,1669937604.5145197
0,356,0,4,20,False,185,8,210,2258,11.29,1669937604.5826287
1,356,0,4,19,True,185,8,183,2231,11.155,1669937604.5826287
0,357,0,4,20,False,56,8,80,2128,10.64,1669937604.6628664
1,357,0,4,19,True,56,8,53,2101,10.505,1669937604.6631427
0,358,0,4,20,False,184,9,158,2462,12.31,1669937604.7447765
1,358,0,4,19,True,184,9,131,2435,12.175,1669937604.74576
0,359,0,4,20,False,56,8,223,2271,11.355,1669937604.822495
1,359,0,4,19,True,55,8,196,2244,11.22,1669937604.8229988
0,360,0,4,20,False,183,7,185,1977,9.885,1669937604.9017353
1,360,0,4,19,True,183,7,158,1950,9.75,1669937604.9022672
0,361,0,4,20,False,55,9,64,2368,11.84,1669937604.9783812
1,361,0,4,19,True,55,9,37,2341,11.705,1669937604.9786084
0,362,0,4,20,False,182,8,57,2105,10.525,1669937605.05369
1,362,0,4,19,True,182,8,30,2078,10.39,1669937605.054024
0,363,0,4,20,False,54,8,163,2211,11.055,1669937605.132012
1,363,0,4,19,True,54,8,136,2184,10.92,1669937605.132012
0,364,0,4,20,False,181,8,36,2084,10.42,1669937605.211805
1,364,0,4,19,True,181,8,9,2057,10.285,1669937605.2120266
0,365,0,4,20,False,53,8,53,2101,10.505,1669937605.2874358
1,365,0,4,19,True,53,8,26,2074,10.37,1669937605.2876558
0,366,0,4,20,False,180,8,190,2238,11.19,1669937605.3672957
1,366,0,4,19,True,180,8,163,2211,11.055,1669937605.3672957
0,367,0,4,20,False,52,9,2,2306,11.53,1669937605.4404578
1,367,0,4,19,True,52,8,231,2279,11.395,1669937605.4414551
0,368,0,4,20,False,179,9,9,2313,11.565,1669937605.5231428
1,368,0,4,19,True,179,8,239,2287,11.435,1669937605.5236485
0,369,0,4,20,False,51,9,105,2409,12.045,1669937605.6007102
1,369,0,4,19,True,51,9,79,2383,11.915,1669937605.6017601
0,370,0,4,20,False,179,9,56,2360,11.8,1669937605.6730828
1,370,0,4,19,True,179,9,29,2333,11.665,1669937605.6730828
0,371,0,4,20,False,50,8,171,2219,11.095,1669937605.753294
1,371,0,4,19,True,50,8,144,2192,10.96,1669937605.7535932
0,372,0,4,20,False,178,10,155,2715,13.575,1669937605.8357499
1,372,0,4,19,True,178,10,128,2688,13.44,1669937605.836369
0,373,0,4,20,False,49,8,18,2066,10.33,1669937605.908823
1,373,0,4,19,True,49,7,248,2040,10.2,1669937605.909794
0,374,0,4,20,False,177,8,150,2198,10.99,1669937605.9846387
1,374,0,4,19,True,177,8,124,2172,10.86,1669937605.984892
0,375,0,4,20,False,48,8,201,2249,11.245,1669937606.0668964
1,375,0,4,19,True,48,8,174,2222,11.11,1669937606.0668964
0,376,0,4,20,False,176,7,209,2001,10.005,1669937606.1448104
1,376,0,4,19,True,176,7,182,1974,9.87,1669937606.1458352
0,377,0,4,20,False,47,9,85,2389,11.945,1669937606.2185879
1,377,0,4,19,True,47,9,58,2362,11.81,1669937606.2185879
0,378,0,4,20,False,175,8,69,2117,10.585,1669937606.3009143
1,378,0,4,19,True,175,8,42,2090,10.45,1669937606.3009143
0,379,0,4,20,False,47,9,78,2382,11.91,1669937606.3792746
1,379,0,4,19,True,46,9,51,2355,11.775,1669937606.379719
0,380,0,4,20,False,174,7,216,2008,10.04,1669937606.4576337
1,380,0,4,19,True,174,7,189,1981,9.905,1669937606.457759
0,381,0,4,20,False,46,9,190,2494,12.47,1669937606.5034006
1,381,0,4,19,True,46,9,163,2467,12.335,1669937606.5037324
0,382,0,4,20,False,173,8,55,2103,10.515,1669937606.5995429
1,382,0,4,19,True,173,8,28,2076,10.38,1669937606.5995429
0,383,0,4,20,False,45,9,173,2477,12.385,1669937606.6763434
1,383,0,4,19,True,45,9,146,2450,12.25,1669937606.6765256
0,384,0,4,20,False,172,8,0,2048,10.24,1669937606.7564712
1,384,0,4,19,True,172,7,229,2021,10.105,1669937606.7574794
0,385,0,4,20,False,44,9,20,2324,11.62,1669937606.8327165
1,385,0,4,19,True,44,8,249,2297,11.485,1669937606.833682
0,386,0,4,20,False,171,9,58,2362,11.81,1669937606.9108198
1,386,0,4,19,True,171,9,31,2335,11.675,1669937606.9118233
0,387,0,4,20,False,43,7,194,1986,9.93,1669937606.9838278
1,387,0,4,19,True,43,7,167,1959,9.795,1669937606.9848273
