dec_order,readout,Chip ID,payload,location,isCol,timestamp,tot_msb,tot_lsb,tot_total,tot_us,hittime
0,0,0,4,10,False,171,9,229,2533,12.665,1669851865.038016
1,0,0,4,12,True,171,9,193,2497,12.485,1669851865.038016
0,1,0,4,10,False,43,10,36,2596,12.98,1669851865.1520946
1,1,0,4,12,True,43,10,1,2561,12.805,1669851865.1520946
0,2,0,4,10,False,170,9,250,2554,12.77,1669851865.2110023
1,2,0,4,12,True,170,9,215,2519,12.595,1669851865.2120054
0,3,0,4,10,False,42,10,12,2572,12.86,1669851865.307866
1,3,0,4,12,True,42,9,233,2537,12.685,1669851865.307866
0,4,0,4,10,False,169,9,252,2556,12.78,1669851865.38062
1,4,0,4,12,True,169,9,216,2520,12.6,1669851865.3808367
0,5,0,4,10,False,41,10,23,2583,12.915,1669851865.4409971
1,5,0,4,12,True,41,9,242,2546,12.73,1669851865.4409971
0,6,0,4,10,False,169,10,2,2562,12.81,1669851865.5341518
1,6,0,4,12,True,168,9,223,2527,12.635,1669851865.5343652
0,7,0,4,10,False,40,10,4,2564,12.82,1669851865.6153576
1,7,0,4,12,True,40,9,224,2528,12.64,1669851865.6153576
0,8,0,4,10,False,168,10,83,2643,13.215,1669851865.6745129
1,8,0,4,12,True,168,10,48,2608,13.04,1669851865.6746976
0,9,0,4,10,False,39,9,186,2490,12.45,1669851865.7520876
1,9,0,4,12,True,39,9,151,2455,12.275,1669851865.7523782
0,10,0,4,10,False,167,10,72,2632,13.16,1669851865.8330073
1,10,0,4,12,True,167,10,37,2597,12.985,1669851865.8330073
0,11,0,4,10,False,38,9,242,2546,12.73,1669851865.921344
1,11,0,4,12,True,38,9,206,2510,12.55,1669851865.921344
0,12,0,4,10,False,166,10,116,2676,13.38,1669851865.9994228
1,12,0,4,12,True,166,10,80,2640,13.2,1669851865.9996397
0,13,0,4,10,False,37,10,36,2596,12.98,1669851866.0780714
1,13,0,4,12,True,37,10,2,2562,12.81,1669851866.0790687
0,14,0,4,10,False,165,10,43,2603,13.015,1669851866.1382108
1,14,0,4,12,True,165,10,8,2568,12.84,1669851866.138426
0,15,0,4,10,False,37,10,67,2627,13.135,1669851866.2218215
1,15,0,4,12,True,36,10,32,2592,12.96,1669851866.2223365
0,16,0,4,10,False,164,9,232,2536,12.68,1669851866.2958002
1,16,0,4,12,True,164,9,196,2500,12.5,1669851866.2961392
0,17,0,4,10,False,36,9,220,2524,12.62,1669851866.3773794
1,17,0,4,12,True,36,9,185,2489,12.445,1669851866.3778815
0,18,0,4,10,False,163,9,211,2515,12.575,1669851866.456402
1,18,0,4,12,True,163,9,176,2480,12.4,1669851866.4569025
0,19,0,4,10,False,35,10,17,2577,12.885,1669851866.5314908
1,19,0,4,12,True,35,9,238,2542,12.71,1669851866.5319936
0,20,0,4,10,False,162,9,238,2542,12.71,1669851866.6064017
1,20,0,4,12,True,162,9,202,2506,12.53,1669851866.606625
0,21,0,4,10,False,34,10,40,2600,13.0,1669851866.6854236
1,21,0,4,12,True,34,10,4,2564,12.82,1669851866.6859238
0,22,0,4,10,False,161,10,33,2593,12.965,1669851866.742107
1,22,0,4,12,True,161,9,253,2557,12.785,1669851866.743107
0,23,0,4,10,False,33,9,155,2459,12.295,1669851866.839814
1,23,0,4,12,True,33,9,119,2423,12.115,1669851866.8400397
0,24,0,4,10,False,160,10,66,2626,13.13,1669851866.9193466
1,24,0,4,12,True,160,10,30,2590,12.95,1669851866.9198475
0,25,0,4,10,False,32,9,245,2549,12.745,1669851866.9969199
1,25,0,4,12,True,32,9,209,2513,12.565,1669851866.9979246
0,26,0,4,10,False,160,10,20,2580,12.9,1669851867.0730033
1,26,0,4,12,True,160,9,239,2543,12.715,1669851867.0730033
0,27,0,4,10,False,31,9,203,2507,12.535,1669851867.1512225
1,27,0,4,12,True,31,9,167,2471,12.355,1669851867.1512225
0,28,0,4,10,False,159,10,74,2634,13.17,1669851867.2243626
1,28,0,4,12,True,159,10,39,2599,12.995,1669851867.2245827
0,29,0,4,10,False,30,9,122,2426,12.13,1669851867.3075917
1,29,0,4,12,True,30,9,86,2390,11.95,1669851867.3080094
0,30,0,4,10,False,158,9,217,2521,12.605,1669851867.3851612
1,30,0,4,12,True,158,9,182,2486,12.43,1669851867.3851612
0,31,0,4,10,False,29,10,33,2593,12.965,1669851867.4580245
1,31,0,4,12,True,29,9,254,2558,12.79,1669851867.458226
0,32,0,4,10,False,157,10,9,2569,12.845,1669851867.5352168
1,32,0,4,12,True,157,9,230,2534,12.67,1669851867.5361516
0,33,0,4,10,False,28,9,243,2547,12.735,1669851867.6171901
1,33,0,4,12,True,28,9,208,2512,12.56,1669851867.6171901
0,34,0,4,10,False,156,10,61,2621,13.105,1669851867.692232
1,34,0,4,12,True,156,10,25,2585,12.925,1669851867.692333
0,35,0,4,10,False,27,10,132,2692,13.46,1669851867.7719014
1,35,0,4,12,True,27,10,97,2657,13.285,1669851867.7721336
0,36,0,4,10,False,155,10,19,2579,12.895,1669851867.8511837
1,36,0,4,12,True,155,9,239,2543,12.715,1669851867.8511837
0,37,0,4,10,False,27,10,88,2648,13.24,1669851867.9095736
1,37,0,4,12,True,27,10,52,2612,13.06,1669851867.9097805
0,38,0,4,10,False,154,10,15,2575,12.875,1669851868.0058854
1,38,0,4,12,True,154,9,234,2538,12.69,1669851868.0061133
0,39,0,4,10,False,26,10,49,2609,13.045,1669851868.0861723
1,39,0,4,12,True,26,10,14,2574,12.87,1669851868.0861723
0,40,0,4,10,False,153,9,235,2539,12.695,1669851868.1596165
1,40,0,4,12,True,153,9,199,2503,12.515,1669851868.1596165
0,41,0,4,10,False,25,10,53,2613,13.065,1669851868.2393408
1,41,0,4,12,True,25,10,17,2577,12.885,1669851868.2393408
0,42,0,4,10,False,152,10,30,2590,12.95,1669851868.3118918
1,42,0,4,12,True,152,9,251,2555,12.775,1669851868.3121045
0,43,0,4,10,False,24,9,234,2538,12.69,1669851868.3770165
1,43,0,4,12,True,24,9,199,2503,12.515,1669851868.3770165
0,44,0,4,10,False,151,10,0,2560,12.8,1669851868.4738395
1,44,0,4,12,True,151,9,220,2524,12.62,1669851868.4745436
0,45,0,4,10,False,23,10,67,2627,13.135,1669851868.551305
1,45,0,4,12,True,23,10,32,2592,12.96,1669851868.5518105
0,46,0,4,10,False,151,9,244,2548,12.74,1669851868.6295714
1,46,0,4,12,True,151,9,208,2512,12.56,1669851868.6299894
0,47,0,4,10,False,22,10,23,2583,12.915,1669851868.707236
1,47,0,4,12,True,22,9,244,2548,12.74,1669851868.708007
0,48,0,4,10,False,150,10,104,2664,13.32,1669851868.7862
1,48,0,4,12,True,150,10,69,2629,13.145,1669851868.7862
0,49,0,4,10,False,21,10,75,2635,13.175,1669851868.8604076
1,49,0,4,12,True,21,10,39,2599,12.995,1669851868.860634
0,50,0,4,10,False,149,10,50,2610,13.05,1669851868.9227042
1,50,0,4,12,True,149,10,14,2574,12.87,1669851868.9236975
0,51,0,4,10,False,20,9,244,2548,12.74,1669851869.0173793
1,51,0,4,12,True,20,9,208,2512,12.56,1669851869.017884
0,52,0,4,10,False,148,9,197,2501,12.505,1669851869.0869658
1,52,0,4,12,True,148,9,161,2465,12.325,1669851869.0869658
0,53,0,4,10,False,19,10,23,2583,12.915,1669851869.1662605
1,53,0,4,12,True,19,9,244,2548,12.74,1669851869.166466
0,54,0,4,10,False,147,9,231,2535,12.675,1669851869.2491362
1,54,0,4,12,True,147,9,196,2500,12.5,1669851869.2491362
0,55,0,4,10,False,19,10,9,2569,12.845,1669851869.3252432
1,55,0,4,12,True,18,9,230,2534,12.67,1669851869.3252432
0,56,0,4,10,False,146,10,7,2567,12.835,1669851869.4051578
1,56,0,4,12,True,146,9,227,2531,12.655,1669851869.4051578
0,57,0,4,10,False,18,10,49,2609,13.045,1669851869.4810994
1,57,0,4,12,True,18,10,13,2573,12.865,1669851869.4810994
0,58,0,4,10,False,145,10,70,2630,13.15,1669851869.560562
1,58,0,4,12,True,145,10,34,2594,12.97,1669851869.5607905
0,59,0,4,10,False,17,9,253,2557,12.785,1669851869.6345837
1,59,0,4,12,True,17,9,216,2520,12.6,1669851869.6345837
0,60,0,4,10,False,144,9,205,2509,12.545,1669851869.716932
1,60,0,4,12,True,144,9,170,2474,12.37,1669851869.716932
0,61,0,4,10,False,16,10,59,2619,13.095,1669851869.7792964
1,61,0,4,12,True,16,10,22,2582,12.91,1669851869.779801
0,62,0,4,10,False,143,9,143,2447,12.235,1669851869.8575563
1,62,0,4,12,True,143,9,106,2410,12.05,1669851869.8579774
0,63,0,4,10,False,15,10,103,2663,13.315,1669851869.9349532
1,63,0,4,12,True,15,10,67,2627,13.135,1669851869.9349532
0,64,0,4,10,False,142,10,63,2623,13.115,1669851870.0088036
1,64,0,4,12,True,142,10,28,2588,12.94,1669851870.0090497
0,65,0,4,10,False,14,10,36,2596,12.98,1669851870.0913408
1,65,0,4,12,True,14,10,1,2561,12.805,1669851870.0923338
0,66,0,4,10,False,142,9,237,2541,12.705,1669851870.1641068
1,66,0,4,12,True,141,9,201,2505,12.525,1669851870.1643085
0,67,0,4,10,False,13,10,16,2576,12.88,1669851870.247316
1,67,0,4,12,True,13,9,236,2540,12.7,1669851870.247316
0,68,0,4,10,False,141,10,11,2571,12.855,1669851870.318016
1,68,0,4,12,True,141,9,230,2534,12.67,1669851870.318016
0,69,0,4,10,False,12,9,228,2532,12.66,1669851870.4012454
1,69,0,4,12,True,12,9,193,2497,12.485,1669851870.4016657
0,70,0,4,10,False,140,9,238,2542,12.71,1669851870.4792247
1,70,0,4,12,True,140,9,202,2506,12.53,1669851870.479726
0,71,0,4,10,False,11,10,58,2618,13.09,1669851870.557305
1,71,0,4,12,True,11,10,23,2583,12.915,1669851870.5574899
0,72,0,4,10,False,139,10,69,2629,13.145,1669851870.6347442
1,72,0,4,12,True,139,10,33,2593,12.965,1669851870.6349723
0,73,0,4,10,False,10,10,21,2581,12.905,1669851870.6917024
1,73,0,4,12,True,10,9,241,2545,12.725,1669851870.6919076
0,74,0,4,10,False,138,9,207,2511,12.555,1669851870.7892656
1,74,0,4,12,True,138,9,171,2475,12.375,1669851870.789773
0,75,0,4,10,False,10,9,247,2551,12.755,1669851870.8673365
1,75,0,4,12,True,9,9,212,2516,12.58,1669851870.8678374
0,76,0,4,10,False,137,10,16,2576,12.88,1669851870.942947
1,76,0,4,12,True,137,9,236,2540,12.7,1669851870.943924
0,77,0,4,10,False,9,10,68,2628,13.14,1669851871.016978
1,77,0,4,12,True,9,10,31,2591,12.955,1669851871.0171976
0,78,0,4,10,False,136,10,4,2564,12.82,1669851871.0991645
1,78,0,4,12,True,136,9,224,2528,12.64,1669851871.0996695
0,79,0,4,10,False,8,10,16,2576,12.88,1669851871.1721969
1,79,0,4,12,True,8,9,237,2541,12.705,1669851871.173198
0,80,0,4,10,False,135,10,45,2605,13.025,1669851871.253922
1,80,0,4,12,True,135,10,9,2569,12.845,1669851871.2541595
0,81,0,4,10,False,7,9,210,2514,12.57,1669851871.3321176
1,81,0,4,12,True,7,9,175,2479,12.395,1669851871.332346
0,82,0,4,10,False,134,10,94,2654,13.27,1669851871.4111943
1,82,0,4,12,True,134,10,58,2618,13.09,1669851871.4111943
0,83,0,4,10,False,6,9,172,2476,12.38,1669851871.489788
1,83,0,4,12,True,6,9,136,2440,12.2,1669851871.489788
0,84,0,4,10,False,133,10,58,2618,13.09,1669851871.5653465
1,84,0,4,12,True,133,10,23,2583,12.915,1669851871.5658486
0,85,0,4,10,False,5,9,221,2525,12.625,1669851871.643189
1,85,0,4,12,True,5,9,185,2489,12.445,1669851871.643189
0,86,0,4,10,False,133,9,244,2548,12.74,1669851871.7211397
1,86,0,4,12,True,133,9,209,2513,12.565,1669851871.7211397
0,87,0,4,10,False,4,10,45,2605,13.025,1669851871.7991924
1,87,0,4,12,True,4,10,10,2570,12.85,1669851871.7996945
0,88,0,4,10,False,132,9,209,2513,12.565,1669851871.8729548
1,88,0,4,12,True,132,9,173,2477,12.385,1669851871.8739958
0,89,0,4,10,False,3,9,206,2510,12.55,1669851871.9336457
1,89,0,4,12,True,3,9,170,2474,12.37,1669851871.9338481
0,90,0,4,10,False,131,10,127,2687,13.435,1669851872.0300844
1,90,0,4,12,True,131,10,91,2651,13.255,1669851872.031529
0,91,0,4,10,False,2,10,20,2580,12.9,1669851872.0888317
1,91,0,4,12,True,2,9,241,2545,12.725,1669851872.08914
0,92,0,4,10,False,130,9,238,2542,12.71,1669851872.1650457
1,92,0,4,12,True,130,9,203,2507,12.535,1669851872.1650457
0,93,0,4,10,False,1,10,16,2576,12.88,1669851872.2450364
1,93,0,4,12,True,1,9,237,2541,12.705,1669851872.2450364
0,94,0,4,10,False,129,9,247,2551,12.755,1669851872.3379238
1,94,0,4,12,True,129,9,211,2515,12.575,1669851872.338277
0,95,0,4,10,False,1,10,73,2633,13.165,1669851872.4214396
1,95,0,4,12,True,0,10,37,2597,12.985,1669851872.4219694
0,96,0,4,10,False,128,9,217,2521,12.605,1669851872.500234
1,96,0,4,12,True,128,9,181,2485,12.425,1669851872.500234
0,97,0,4,10,False,0,10,90,2650,13.25,1669851872.5731285
1,97,0,4,12,True,0,10,55,2615,13.075,1669851872.5731285
0,98,0,4,10,False,127,10,5,2565,12.825,1669851872.6484294
1,98,0,4,12,True,127,9,225,2529,12.645,1669851872.6486347
0,99,0,4,10,False,255,10,18,2578,12.89,1669851872.7308116
1,99,0,4,12,True,255,9,239,2543,12.715,1669851872.731855
0,100,0,4,10,False,126,10,37,2597,12.985,1669851872.8078382
1,100,0,4,12,True,126,10,2,2562,12.81,1669851872.8078382
0,101,0,4,10,False,254,10,55,2615,13.075,1669851872.8831038
1,101,0,4,12,True,254,10,18,2578,12.89,1669851872.8831038
0,102,0,4,10,False,125,9,177,2481,12.405,1669851872.9612515
1,102,0,4,12,True,125,9,141,2445,12.225,1669851872.9616745
0,103,0,4,10,False,253,9,203,2507,12.535,1669851873.0398774
1,103,0,4,12,True,253,9,167,2471,12.355,1669851873.0404956
0,104,0,4,10,False,124,10,93,2653,13.265,1669851873.1148357
1,104,0,4,12,True,124,10,56,2616,13.08,1669851873.1157272
0,105,0,4,10,False,252,10,43,2603,13.015,1669851873.188499
1,105,0,4,12,True,252,10,7,2567,12.835,1669851873.188499
0,106,0,4,10,False,124,10,26,2586,12.93,1669851873.2689843
1,106,0,4,12,True,123,9,246,2550,12.75,1669851873.2689843
0,107,0,4,10,False,251,9,180,2484,12.42,1669851873.349124
1,107,0,4,12,True,251,9,145,2449,12.245,1669851873.3496246
0,108,0,4,10,False,123,10,21,2581,12.905,1669851873.4220665
1,108,0,4,12,True,123,9,242,2546,12.73,1669851873.4222755
0,109,0,4,10,False,250,10,38,2598,12.99,1669851873.4992185
1,109,0,4,12,True,250,10,2,2562,12.81,1669851873.4994638
0,110,0,4,10,False,122,10,72,2632,13.16,1669851873.5813756
1,110,0,4,12,True,122,10,37,2597,12.985,1669851873.581875
0,111,0,4,10,False,249,10,59,2619,13.095,1669851873.6598709
1,111,0,4,12,True,249,10,24,2584,12.92,1669851873.6605906
0,112,0,4,10,False,121,9,218,2522,12.61,1669851873.7350597
1,112,0,4,12,True,121,9,183,2487,12.435,1669851873.7355638
0,113,0,4,10,False,248,10,27,2587,12.935,1669851873.8098168
1,113,0,4,12,True,248,9,247,2551,12.755,1669851873.8098168
0,114,0,4,10,False,120,10,2,2562,12.81,1669851873.8703775
1,114,0,4,12,True,120,9,222,2526,12.63,1669851873.870461
0,115,0,4,10,False,247,10,94,2654,13.27,1669851873.965852
1,115,0,4,12,True,247,10,59,2619,13.095,1669851873.96648
0,116,0,4,10,False,119,10,14,2574,12.87,1669851874.0430143
1,116,0,4,12,True,119,9,235,2539,12.695,1669851874.0430143
0,117,0,4,10,False,247,9,166,2470,12.35,1669851874.1206658
1,117,0,4,12,True,247,9,130,2434,12.17,1669851874.1218681
0,118,0,4,10,False,118,9,227,2531,12.655,1669851874.1970708
1,118,0,4,12,True,118,9,192,2496,12.48,1669851874.1973004
0,119,0,4,10,False,246,10,19,2579,12.895,1669851874.279208
1,119,0,4,12,True,246,9,239,2543,12.715,1669851874.2797995
0,120,0,4,10,False,117,10,51,2611,13.055,1669851874.355156
1,120,0,4,12,True,117,10,15,2575,12.875,1669851874.355744
0,121,0,4,10,False,245,10,0,2560,12.8,1669851874.4325228
1,121,0,4,12,True,245,9,221,2525,12.625,1669851874.4325228
0,122,0,4,10,False,116,9,220,2524,12.62,1669851874.5080552
1,122,0,4,12,True,116,9,184,2488,12.44,1669851874.508362
0,123,0,4,10,False,244,9,154,2458,12.29,1669851874.5883832
1,123,0,4,12,True,244,9,118,2422,12.11,1669851874.5893803
0,124,0,4,10,False,115,10,32,2592,12.96,1669851874.6667106
1,124,0,4,12,True,115,9,251,2555,12.775,1669851874.6667106
0,125,0,4,10,False,243,10,0,2560,12.8,1669851874.7449644
1,125,0,4,12,True,243,9,220,2524,12.62,1669851874.7457728
0,126,0,4,10,False,115,10,48,2608,13.04,1669851874.821814
1,126,0,4,12,True,115,10,12,2572,12.86,1669851874.8220499
0,127,0,4,10,False,242,10,20,2580,12.9,1669851874.9013839
1,127,0,4,12,True,242,9,241,2545,12.725,1669851874.9018035
0,128,0,4,10,False,114,9,203,2507,12.535,1669851874.9788797
1,128,0,4,12,True,114,9,168,2472,12.36,1669851874.9788797
0,129,0,4,10,False,241,10,52,2612,13.06,1669851875.040836
1,129,0,4,12,True,241,10,17,2577,12.885,1669851875.0413382
0,130,0,4,10,False,113,10,41,2601,13.005,1669851875.1198032
1,130,0,4,12,True,113,10,5,2565,12.825,1669851875.1204543
0,131,0,4,10,False,240,9,238,2542,12.71,1669851875.189038
1,131,0,4,12,True,240,9,203,2507,12.535,1669851875.189038
0,132,0,4,10,False,112,10,41,2601,13.005,1669851875.254869
1,132,0,4,12,True,112,10,6,2566,12.83,1669851875.2551296
0,133,0,4,10,False,239,9,226,2530,12.65,1669851875.3506606
1,133,0,4,12,True,239,9,191,2495,12.475,1669851875.3506606
0,134,0,4,10,False,111,9,188,2492,12.46,1669851875.4306748
1,134,0,4,12,True,111,9,152,2456,12.28,1669851875.4317508
0,135,0,4,10,False,239,9,171,2475,12.375,1669851875.506234
1,135,0,4,12,True,238,9,134,2438,12.19,1669851875.506234
0,136,0,4,10,False,110,9,174,2478,12.39,1669851875.5830038
1,136,0,4,12,True,110,9,139,2443,12.215,1669851875.5830038
0,137,0,4,10,False,238,10,19,2579,12.895,1669851875.6655734
1,137,0,4,12,True,238,9,240,2544,12.72,1669851875.6655734
0,138,0,4,10,False,109,10,55,2615,13.075,1669851875.7410958
1,138,0,4,12,True,109,10,19,2579,12.895,1669851875.7410958
0,139,0,4,10,False,237,9,209,2513,12.565,1669851875.8190637
1,139,0,4,12,True,237,9,172,2476,12.38,1669851875.8190637
0,140,0,4,10,False,108,9,244,2548,12.74,1669851875.8957174
1,140,0,4,12,True,108,9,209,2513,12.565,1669851875.896239
0,141,0,4,10,False,236,9,243,2547,12.735,1669851875.9719148
1,141,0,4,12,True,236,9,208,2512,12.56,1669851875.9721467
0,142,0,4,10,False,107,10,62,2622,13.11,1669851876.0507677
1,142,0,4,12,True,107,10,27,2587,12.935,1669851876.0507677
0,143,0,4,10,False,235,10,32,2592,12.96,1669851876.1293755
1,143,0,4,12,True,235,9,253,2557,12.785,1669851876.1298983
0,144,0,4,10,False,106,10,15,2575,12.875,1669851876.2009215
1,144,0,4,12,True,106,9,236,2540,12.7,1669851876.2019527
0,145,0,4,10,False,234,9,228,2532,12.66,1669851876.2827477
1,145,0,4,12,True,234,9,192,2496,12.48,1669851876.283742
0,146,0,4,10,False,106,10,84,2644,13.22,1669851876.36109
1,146,0,4,12,True,106,10,49,2609,13.045,1669851876.36159
0,147,0,4,10,False,233,10,34,2594,12.97,1669851876.4406116
1,147,0,4,12,True,233,9,255,2559,12.795,1669851876.4416718
0,148,0,4,10,False,105,10,14,2574,12.87,1669851876.5152342
1,148,0,4,12,True,105,9,235,2539,12.695,1669851876.5156987
0,149,0,4,10,False,232,9,238,2542,12.71,1669851876.5897965
1,149,0,4,12,True,232,9,203,2507,12.535,1669851876.5900493
0,150,0,4,10,False,104,10,25,2585,12.925,1669851876.671122
1,150,0,4,12,True,104,9,245,2549,12.745,1669851876.6717432
0,151,0,4,10,False,231,10,53,2613,13.065,1669851876.7489717
1,151,0,4,12,True,231,10,16,2576,12.88,1669851876.7489717
0,152,0,4,10,False,103,10,82,2642,13.21,1669851876.8256042
1,152,0,4,12,True,103,10,47,2607,13.035,1669851876.8258123
0,153,0,4,10,False,230,9,222,2526,12.63,1669851876.9061174
1,153,0,4,12,True,230,9,187,2491,12.455,1669851876.9066246
0,154,0,4,10,False,102,10,23,2583,12.915,1669851876.9779346
1,154,0,4,12,True,102,9,244,2548,12.74,1669851876.9779346
0,155,0,4,10,False,230,9,185,2489,12.445,1669851877.0539067
1,155,0,4,12,True,229,9,148,2452,12.26,1669851877.0541322
0,156,0,4,10,False,101,9,212,2516,12.58,1669851877.1371036
1,156,0,4,12,True,101,9,177,2481,12.405,1669851877.1383917
0,157,0,4,10,False,229,10,5,2565,12.825,1669851877.2117484
1,157,0,4,12,True,229,9,226,2530,12.65,1669851877.2121046
0,158,0,4,10,False,100,10,12,2572,12.86,1669851877.296494
1,158,0,4,12,True,100,9,233,2537,12.685,1669851877.2969522
0,159,0,4,10,False,228,10,24,2584,12.92,1669851877.371063
1,159,0,4,12,True,228,9,245,2549,12.745,1669851877.371292
0,160,0,4,10,False,99,10,25,2585,12.925,1669851877.4451883
1,160,0,4,12,True,99,9,245,2549,12.745,1669851877.4454603
0,161,0,4,10,False,227,10,12,2572,12.86,1669851877.527253
1,161,0,4,12,True,227,9,233,2537,12.685,1669851877.527747
0,162,0,4,10,False,98,9,166,2470,12.35,1669851877.6030006
1,162,0,4,12,True,98,9,131,2435,12.175,1669851877.604011
0,163,0,4,10,False,226,9,184,2488,12.44,1669851877.6830633
1,163,0,4,12,True,226,9,147,2451,12.255,1669851877.6830633
0,164,0,4,10,False,97,10,49,2609,13.045,1669851877.7613251
1,164,0,4,12,True,97,10,13,2573,12.865,1669851877.7617433
0,165,0,4,10,False,225,9,226,2530,12.65,1669851877.8393252
1,165,0,4,12,True,225,9,191,2495,12.475,1669851877.840332
0,166,0,4,10,False,97,10,112,2672,13.36,1669851877.8991046
1,166,0,4,12,True,97,10,77,2637,13.185,1669851877.8993082
0,167,0,4,10,False,224,10,29,2589,12.945,1669851877.9749687
1,167,0,4,12,True,224,9,249,2553,12.765,1669851877.9751933
0,168,0,4,10,False,96,9,224,2528,12.64,1669851878.0531945
1,168,0,4,12,True,96,9,188,2492,12.46,1669851878.0531945
0,169,0,4,10,False,223,10,85,2645,13.225,1669851878.1451688
1,169,0,4,12,True,223,10,50,2610,13.05,1669851878.145383
0,170,0,4,10,False,95,10,46,2606,13.03,1669851878.2209792
1,170,0,4,12,True,95,10,11,2571,12.855,1669851878.2209792
0,171,0,4,10,False,222,10,8,2568,12.84,1669851878.2847548
1,171,0,4,12,True,222,9,228,2532,12.66,1669851878.2850225
0,172,0,4,10,False,94,10,161,2721,13.605,1669851878.3691843
1,172,0,4,12,True,94,10,126,2686,13.43,1669851878.3691843
0,173,0,4,10,False,221,10,39,2599,12.995,1669851878.4451356
1,173,0,4,12,True,221,10,4,2564,12.82,1669851878.4456372
0,174,0,4,10,False,93,9,218,2522,12.61,1669851878.523124
1,174,0,4,12,True,93,9,182,2486,12.43,1669851878.523124
0,175,0,4,10,False,220,10,81,2641,13.205,1669851878.594485
1,175,0,4,12,True,220,10,45,2605,13.025,1669851878.594724
0,176,0,4,10,False,92,9,213,2517,12.585,1669851878.6759145
1,176,0,4,12,True,92,9,177,2481,12.405,1669851878.6761281
0,177,0,4,10,False,220,10,104,2664,13.32,1669851878.7506433
1,177,0,4,12,True,220,10,68,2628,13.14,1669851878.7506433
0,178,0,4,10,False,91,10,15,2575,12.875,1669851878.832229
1,178,0,4,12,True,91,9,236,2540,12.7,1669851878.8332334
0,179,0,4,10,False,219,10,92,2652,13.26,1669851878.9086933
1,179,0,4,12,True,219,10,56,2616,13.08,1669851878.909239
0,180,0,4,10,False,90,9,245,2549,12.745,1669851878.9857259
1,180,0,4,12,True,90,9,210,2514,12.57,1669851878.9859583
0,181,0,4,10,False,218,10,40,2600,13.0,1669851879.065131
1,181,0,4,12,True,218,10,5,2565,12.825,1669851879.0656354
0,182,0,4,10,False,89,9,255,2559,12.795,1669851879.1430383
1,182,0,4,12,True,89,9,220,2524,12.62,1669851879.1430383
0,183,0,4,10,False,217,9,201,2505,12.525,1669851879.2212305
1,183,0,4,12,True,217,9,166,2470,12.35,1669851879.2217586
0,184,0,4,10,False,88,10,25,2585,12.925,1669851879.2988896
1,184,0,4,12,True,88,9,246,2550,12.75,1669851879.2988896
0,185,0,4,10,False,216,9,225,2529,12.645,1669851879.3719258
1,185,0,4,12,True,216,9,189,2493,12.465,1669851879.3719258
0,186,0,4,10,False,88,10,80,2640,13.2,1669851879.4541986
1,186,0,4,12,True,87,10,44,2604,13.02,1669851879.4551063
0,187,0,4,10,False,215,10,8,2568,12.84,1669851879.5346677
1,187,0,4,12,True,215,9,228,2532,12.66,1669851879.535726
0,188,0,4,10,False,87,10,8,2568,12.84,1669851879.60888
1,188,0,4,12,True,87,9,228,2532,12.66,1669851879.609431
0,189,0,4,10,False,214,9,233,2537,12.685,1669851879.68401
1,189,0,4,12,True,214,9,198,2502,12.51,1669851879.6842282
0,190,0,4,10,False,86,10,49,2609,13.045,1669851879.762537
1,190,0,4,12,True,86,10,14,2574,12.87,1669851879.762537
0,191,0,4,10,False,213,9,226,2530,12.65,1669851879.8415785
1,191,0,4,12,True,213,9,191,2495,12.475,1669851879.8417802
0,192,0,4,10,False,85,9,242,2546,12.73,1669851879.9050395
1,192,0,4,12,True,85,9,206,2510,12.55,1669851879.9050395
0,193,0,4,10,False,212,9,222,2526,12.63,1669851879.998671
1,193,0,4,12,True,212,9,186,2490,12.45,1669851879.999697
0,194,0,4,10,False,84,10,14,2574,12.87,1669851880.077146
1,194,0,4,12,True,84,9,235,2539,12.695,1669851880.077146
0,195,0,4,10,False,211,9,228,2532,12.66,1669851880.150503
1,195,0,4,12,True,211,9,192,2496,12.48,1669851880.1507087
0,196,0,4,10,False,83,10,43,2603,13.015,1669851880.2309072
1,196,0,4,12,True,83,10,8,2568,12.84,1669851880.231491
0,197,0,4,10,False,211,10,38,2598,12.99,1669851880.3090765
1,197,0,4,12,True,211,10,2,2562,12.81,1669851880.3095827
0,198,0,4,10,False,82,9,193,2497,12.485,1669851880.3677833
1,198,0,4,12,True,82,9,158,2462,12.31,1669851880.3680215
0,199,0,4,10,False,210,10,21,2581,12.905,1669851880.4649787
1,199,0,4,12,True,210,9,241,2545,12.725,1669851880.4659805
0,200,0,4,10,False,81,10,69,2629,13.145,1669851880.5422533
1,200,0,4,12,True,81,10,34,2594,12.97,1669851880.5422533
0,201,0,4,10,False,209,9,248,2552,12.76,1669851880.6181803
1,201,0,4,12,True,209,9,213,2517,12.585,1669851880.6184878
0,202,0,4,10,False,80,9,253,2557,12.785,1669851880.6968646
1,202,0,4,12,True,80,9,218,2522,12.61,1669851880.6968646
0,203,0,4,10,False,208,9,198,2502,12.51,1669851880.7773354
1,203,0,4,12,True,208,9,163,2467,12.335,1669851880.7783442
0,204,0,4,10,False,79,9,198,2502,12.51,1669851880.8528678
1,204,0,4,12,True,79,9,163,2467,12.335,1669851880.853908
0,205,0,4,10,False,207,10,6,2566,12.83,1669851880.9275787
1,205,0,4,12,True,207,9,227,2531,12.655,1669851880.927796
0,206,0,4,10,False,79,10,36,2596,12.98,1669851881.0077448
1,206,0,4,12,True,79,10,1,2561,12.805,1669851881.0090604
0,207,0,4,10,False,206,9,221,2525,12.625,1669851881.0887556
1,207,0,4,12,True,206,9,185,2489,12.445,1669851881.0887556
0,208,0,4,10,False,78,10,9,2569,12.845,1669851881.1648011
1,208,0,4,12,True,78,9,229,2533,12.665,1669851881.1648011
0,209,0,4,10,False,205,10,50,2610,13.05,1669851881.2389224
1,209,0,4,12,True,205,10,13,2573,12.865,1669851881.2389224
0,210,0,4,10,False,77,10,32,2592,12.96,1669851881.3021204
1,210,0,4,12,True,77,9,252,2556,12.78,1669851881.3021204
0,211,0,4,10,False,204,9,248,2552,12.76,1669851881.3855884
1,211,0,4,12,True,204,9,213,2517,12.585,1669851881.3855884
0,212,0,4,10,False,76,10,2,2562,12.81,1669851881.4627368
1,212,0,4,12,True,76,9,223,2527,12.635,1669851881.4627368
0,213,0,4,10,False,203,9,228,2532,12.66,1669851881.5396621
1,213,0,4,12,True,203,9,192,2496,12.48,1669851881.5399168
0,214,0,4,10,False,75,9,225,2529,12.645,1669851881.616571
1,214,0,4,12,True,75,9,188,2492,12.46,1669851881.617471
0,215,0,4,10,False,203,10,22,2582,12.91,1669851881.6969733
1,215,0,4,12,True,202,9,243,2547,12.735,1669851881.697623
0,216,0,4,10,False,74,10,33,2593,12.965,1669851881.7722535
1,216,0,4,12,True,74,9,254,2558,12.79,1669851881.7732682
0,217,0,4,10,False,202,10,7,2567,12.835,1669851881.8511238
1,217,0,4,12,True,202,9,228,2532,12.66,1669851881.8511238
0,218,0,4,10,False,73,9,202,2506,12.53,1669851881.9248672
1,218,0,4,12,True,73,9,167,2471,12.355,1669851881.9258935
0,219,0,4,10,False,201,10,9,2569,12.845,1669851882.0022466
1,219,0,4,12,True,201,9,230,2534,12.67,1669851882.0022466
0,220,0,4,10,False,72,9,202,2506,12.53,1669851882.0836084
1,220,0,4,12,True,72,9,166,2470,12.35,1669851882.0841172
0,221,0,4,10,False,200,9,237,2541,12.705,1669851882.1596844
1,221,0,4,12,True,200,9,200,2504,12.52,1669851882.1599078
0,222,0,4,10,False,71,9,195,2499,12.495,1669851882.2373052
1,222,0,4,12,True,71,9,160,2464,12.32,1669851882.2373052
0,223,0,4,10,False,199,10,32,2592,12.96,1669851882.2988503
1,223,0,4,12,True,199,9,252,2556,12.78,1669851882.2998428
0,224,0,4,10,False,70,10,21,2581,12.905,1669851882.3936415
1,224,0,4,12,True,70,9,242,2546,12.73,1669851882.3939595
0,225,0,4,10,False,198,10,16,2576,12.88,1669851882.4737687
1,225,0,4,12,True,198,9,236,2540,12.7,1669851882.4737687
0,226,0,4,10,False,70,9,245,2549,12.745,1669851882.5294702
1,226,0,4,12,True,70,9,209,2513,12.565,1669851882.5301673
0,227,0,4,10,False,197,10,16,2576,12.88,1669851882.6248598
1,227,0,4,12,True,197,9,235,2539,12.695,1669851882.6257985
0,228,0,4,10,False,69,10,78,2638,13.19,1669851882.7055933
1,228,0,4,12,True,69,10,42,2602,13.01,1669851882.7055933
0,229,0,4,10,False,196,10,20,2580,12.9,1669851882.7825859
1,229,0,4,12,True,196,9,241,2545,12.725,1669851882.7836137
0,230,0,4,10,False,68,10,24,2584,12.92,1669851882.859245
1,230,0,4,12,True,68,9,244,2548,12.74,1669851882.8595421
0,231,0,4,10,False,195,9,253,2557,12.785,1669851882.9370944
1,231,0,4,12,True,195,9,217,2521,12.605,1669851882.9375434
0,232,0,4,10,False,67,9,194,2498,12.49,1669851883.0150583
1,232,0,4,12,True,67,9,159,2463,12.315,1669851883.0155165
0,233,0,4,10,False,194,10,40,2600,13.0,1669851883.0870886
1,233,0,4,12,True,194,10,4,2564,12.82,1669851883.0873609
0,234,0,4,10,False,66,10,41,2601,13.005,1669851883.1688216
1,234,0,4,12,True,66,10,6,2566,12.83,1669851883.1688216
0,235,0,4,10,False,194,10,26,2586,12.93,1669851883.2449815
1,235,0,4,12,True,193,9,247,2551,12.755,1669851883.2459264
0,236,0,4,10,False,65,10,19,2579,12.895,1669851883.3187196
1,236,0,4,12,True,65,9,240,2544,12.72,1669851883.3187196
0,237,0,4,10,False,193,10,72,2632,13.16,1669851883.3961096
1,237,0,4,12,True,193,10,36,2596,12.98,1669851883.3963366
0,238,0,4,10,False,64,9,237,2541,12.705,1669851883.4728668
1,238,0,4,12,True,64,9,201,2505,12.525,1669851883.4739869
0,239,0,4,10,False,192,9,254,2558,12.79,1669851883.5538676
1,239,0,4,12,True,192,9,218,2522,12.61,1669851883.5538676
0,240,0,4,10,False,63,10,25,2585,12.925,1669851883.6326733
1,240,0,4,12,True,63,9,245,2549,12.745,1669851883.6336577
0,241,0,4,10,False,191,10,50,2610,13.05,1669851883.71084
1,241,0,4,12,True,191,10,14,2574,12.87,1669851883.71084
0,242,0,4,10,False,62,9,234,2538,12.69,1669851883.7897086
1,242,0,4,12,True,62,9,199,2503,12.515,1669851883.7897086
0,243,0,4,10,False,190,10,59,2619,13.095,1669851883.8669078
1,243,0,4,12,True,190,10,24,2584,12.92,1669851883.8669078
0,244,0,4,10,False,61,9,182,2486,12.43,1669851883.9443586
1,244,0,4,12,True,61,9,146,2450,12.25,1669851883.9443586
0,245,0,4,10,False,189,9,224,2528,12.64,1669851884.023034
1,245,0,4,12,True,189,9,189,2493,12.465,1669851884.023034
0,246,0,4,10,False,61,9,234,2538,12.69,1669851884.0979621
1,246,0,4,12,True,61,9,198,2502,12.51,1669851884.0981832
0,247,0,4,10,False,188,9,180,2484,12.42,1669851884.1756325
1,247,0,4,12,True,188,9,145,2449,12.245,1669851884.1756325
0,248,0,4,10,False,60,10,21,2581,12.905,1669851884.2572787
1,248,0,4,12,True,60,9,241,2545,12.725,1669851884.257527
0,249,0,4,10,False,187,10,34,2594,12.97,1669851884.3169065
1,249,0,4,12,True,187,9,254,2558,12.79,1669851884.3169065
0,250,0,4,10,False,59,9,202,2506,12.53,1669851884.4129872
1,250,0,4,12,True,59,9,166,2470,12.35,1669851884.4129872
0,251,0,4,10,False,186,10,61,2621,13.105,1669851884.4931798
1,251,0,4,12,True,186,10,26,2586,12.93,1669851884.4931798
0,252,0,4,10,False,58,10,47,2607,13.035,1669851884.5688546
1,252,0,4,12,True,58,10,11,2571,12.855,1669851884.569355
0,253,0,4,10,False,185,10,16,2576,12.88,1669851884.646576
1,253,0,4,12,True,185,9,236,2540,12.7,1669851884.6475527
0,254,0,4,10,False,57,10,17,2577,12.885,1669851884.7205005
1,254,0,4,12,True,57,9,238,2542,12.71,1669851884.7207565
0,255,0,4,10,False,184,9,243,2547,12.735,1669851884.7989132
1,255,0,4,12,True,184,9,208,2512,12.56,1669851884.7989132
0,256,0,4,10,False,56,10,77,2637,13.185,1669851884.8761313
1,256,0,4,12,True,56,10,42,2602,13.01,1669851884.8771622
0,257,0,4,10,False,184,10,5,2565,12.825,1669851884.9526455
1,257,0,4,12,True,184,9,226,2530,12.65,1669851884.9536765
0,258,0,4,10,False,55,10,74,2634,13.17,1669851885.034062
1,258,0,4,12,True,55,10,37,2597,12.985,1669851885.0345707
0,259,0,4,10,False,183,10,4,2564,12.82,1669851885.1110332
1,259,0,4,12,True,183,9,224,2528,12.64,1669851885.1121519
0,260,0,4,10,False,54,9,245,2549,12.745,1669851885.1877403
1,260,0,4,12,True,54,9,210,2514,12.57,1669851885.1881318
0,261,0,4,10,False,182,10,37,2597,12.985,1669851885.2313561
1,261,0,4,12,True,182,10,2,2562,12.81,1669851885.2315774
0,262,0,4,10,False,53,10,0,2560,12.8,1669851885.3264134
1,262,0,4,12,True,53,9,220,2524,12.62,1669851885.3266113
0,263,0,4,10,False,181,10,51,2611,13.055,1669851885.4074578
1,263,0,4,12,True,181,10,15,2575,12.875,1669851885.4076936
0,264,0,4,10,False,52,10,14,2574,12.87,1669851885.4878137
1,264,0,4,12,True,52,9,234,2538,12.69,1669851885.488317
0,265,0,4,10,False,180,9,228,2532,12.66,1669851885.5652354
1,265,0,4,12,True,180,9,191,2495,12.475,1669851885.5657716
0,266,0,4,10,False,52,9,236,2540,12.7,1669851885.6407557
1,266,0,4,12,True,52,9,200,2504,12.52,1669851885.641309
0,267,0,4,10,False,179,10,83,2643,13.215,1669851885.7174902
1,267,0,4,12,True,179,10,47,2607,13.035,1669851885.71787
0,268,0,4,10,False,51,9,234,2538,12.69,1669851885.7967975
1,268,0,4,12,True,51,9,198,2502,12.51,1669851885.7967975
0,269,0,4,10,False,178,9,229,2533,12.665,1669851885.874776
1,269,0,4,12,True,178,9,193,2497,12.485,1669851885.874776
0,270,0,4,10,False,50,9,220,2524,12.62,1669851885.9487605
1,270,0,4,12,True,50,9,184,2488,12.44,1669851885.9487605
0,271,0,4,10,False,177,10,35,2595,12.975,1669851886.0261898
1,271,0,4,12,True,177,9,254,2558,12.79,1669851886.0262673
0,272,0,4,10,False,49,10,13,2573,12.865,1669851886.0901499
1,272,0,4,12,True,49,9,232,2536,12.68,1669851886.0903533
0,273,0,4,10,False,176,10,40,2600,13.0,1669851886.182465
1,273,0,4,12,True,176,10,5,2565,12.825,1669851886.182465
0,274,0,4,10,False,48,10,5,2565,12.825,1669851886.2645469
1,274,0,4,12,True,48,9,226,2530,12.65,1669851886.2645469
0,275,0,4,10,False,176,9,200,2504,12.52,1669851886.3399127
1,275,0,4,12,True,175,9,165,2469,12.345,1669851886.3399127
0,276,0,4,10,False,47,10,133,2693,13.465,1669851886.420504
1,276,0,4,12,True,47,10,98,2658,13.29,1669851886.4213476
0,277,0,4,10,False,175,10,59,2619,13.095,1669851886.4927526
1,277,0,4,12,True,175,10,23,2583,12.915,1669851886.4937503
0,278,0,4,10,False,46,10,6,2566,12.83,1669851886.5697021
1,278,0,4,12,True,46,9,227,2531,12.655,1669851886.5699315
0,279,0,4,10,False,174,10,0,2560,12.8,1669851886.6513245
1,279,0,4,12,True,174,9,221,2525,12.625,1669851886.6515708
0,280,0,4,10,False,45,10,18,2578,12.89,1669851886.729559
1,280,0,4,12,True,45,9,238,2542,12.71,1669851886.7297866
0,281,0,4,10,False,173,9,194,2498,12.49,1669851886.803631
1,281,0,4,12,True,173,9,158,2462,12.31,1669851886.8046296
0,282,0,4,10,False,44,10,61,2621,13.105,1669851886.885371
1,282,0,4,12,True,44,10,26,2586,12.93,1669851886.8855708
0,283,0,4,10,False,172,10,113,2673,13.365,1669851886.9616072
1,283,0,4,12,True,172,10,78,2638,13.19,1669851886.9619167
0,284,0,4,10,False,43,9,222,2526,12.63,1669851887.0424528
1,284,0,4,12,True,43,9,186,2490,12.45,1669851887.0434148
0,285,0,4,10,False,171,9,171,2475,12.375,1669851887.1203792
1,285,0,4,12,True,171,9,134,2438,12.19,1669851887.1203792
0,286,0,4,10,False,43,10,3,2563,12.815,1669851887.1941826
1,286,0,4,12,True,42,9,224,2528,12.64,1669851887.194416
0,287,0,4,10,False,170,10,69,2629,13.145,1669851887.2753298
1,287,0,4,12,True,170,10,33,2593,12.965,1669851887.2753298
0,288,0,4,10,False,42,10,16,2576,12.88,1669851887.350254
1,288,0,4,12,True,42,9,237,2541,12.705,1669851887.3504617
0,289,0,4,10,False,169,9,247,2551,12.755,1669851887.4323645
1,289,0,4,12,True,169,9,212,2516,12.58,1669851887.4323645
0,290,0,4,10,False,41,10,68,2628,13.14,1669851887.5078974
1,290,0,4,12,True,41,10,33,2593,12.965,1669851887.5081906
0,291,0,4,10,False,168,9,227,2531,12.655,1669851887.5714543
1,291,0,4,12,True,168,9,192,2496,12.48,1669851887.5724576
0,292,0,4,10,False,40,10,20,2580,12.9,1669851887.6515272
1,292,0,4,12,True,40,9,241,2545,12.725,1669851887.652524
0,293,0,4,10,False,167,9,220,2524,12.62,1669851887.7254412
1,293,0,4,12,True,167,9,184,2488,12.44,1669851887.7258165
0,294,0,4,10,False,39,9,224,2528,12.64,1669851887.8074625
1,294,0,4,12,True,39,9,189,2493,12.465,1669851887.8077796
0,295,0,4,10,False,166,10,63,2623,13.115,1669851887.8867896
1,295,0,4,12,True,166,10,27,2587,12.935,1669851887.8867896
0,296,0,4,10,False,38,10,93,2653,13.265,1669851887.9626224
1,296,0,4,12,True,38,10,58,2618,13.09,1669851887.9635863
0,297,0,4,10,False,166,10,40,2600,13.0,1669851888.0406442
1,297,0,4,12,True,166,10,4,2564,12.82,1669851888.0406442
0,298,0,4,10,False,37,10,40,2600,13.0,1669851888.1187027
1,298,0,4,12,True,37,10,4,2564,12.82,1669851888.1192093
0,299,0,4,10,False,165,9,205,2509,12.545,1669851888.1916935
1,299,0,4,12,True,165,9,170,2474,12.37,1669851888.1916935
0,300,0,4,10,False,36,10,80,2640,13.2,1669851888.2740161
1,300,0,4,12,True,36,10,44,2604,13.02,1669851888.2752335
0,301,0,4,10,False,164,10,35,2595,12.975,1669851888.3523753
1,301,0,4,12,True,164,10,0,2560,12.8,1669851888.3533933
0,302,0,4,10,False,35,10,15,2575,12.875,1669851888.429374
1,302,0,4,12,True,35,9,235,2539,12.695,1669851888.4295845
0,303,0,4,10,False,163,10,50,2610,13.05,1669851888.5053484
1,303,0,4,12,True,163,10,15,2575,12.875,1669851888.505621
0,304,0,4,10,False,34,10,44,2604,13.02,1669851888.5866807
1,304,0,4,12,True,34,10,9,2569,12.845,1669851888.5871854
0,305,0,4,10,False,162,9,186,2490,12.45,1669851888.6641507
1,305,0,4,12,True,162,9,151,2455,12.275,1669851888.6651454
0,306,0,4,10,False,34,10,10,2570,12.85,1669851888.741445
1,306,0,4,12,True,33,9,230,2534,12.67,1669851888.7416582
0,307,0,4,10,False,161,10,86,2646,13.23,1669851888.8178856
1,307,0,4,12,True,161,10,51,2611,13.055,1669851888.8178856
0,308,0,4,10,False,33,10,39,2599,12.995,1669851888.8816576
1,308,0,4,12,True,33,10,3,2563,12.815,1669851888.8816576
0,309,0,4,10,False,160,10,75,2635,13.175,1669851888.9755304
1,309,0,4,12,True,160,10,39,2599,12.995,1669851888.9757574
0,310,0,4,10,False,32,10,25,2585,12.925,1669851889.053508
1,310,0,4,12,True,32,9,245,2549,12.745,1669851889.0537271
0,311,0,4,10,False,159,10,60,2620,13.1,1669851889.1319396
1,311,0,4,12,True,159,10,25,2585,12.925,1669851889.1329443
0,312,0,4,10,False,31,10,56,2616,13.08,1669851889.1899686
1,312,0,4,12,True,31,10,19,2579,12.895,1669851889.1899686
0,313,0,4,10,False,158,9,255,2559,12.795,1669851889.2893114
1,313,0,4,12,True,158,9,220,2524,12.62,1669851889.2898602
0,314,0,4,10,False,30,10,42,2602,13.01,1669851889.3624578
1,314,0,4,12,True,30,10,7,2567,12.835,1669851889.3624578
0,315,0,4,10,False,157,10,38,2598,12.99,1669851889.442856
1,315,0,4,12,True,157,10,2,2562,12.81,1669851889.442856
0,316,0,4,10,False,29,10,80,2640,13.2,1669851889.5172968
1,316,0,4,12,True,29,10,45,2605,13.025,1669851889.5174181
0,317,0,4,10,False,157,10,18,2578,12.89,1669851889.5820618
1,317,0,4,12,True,157,9,238,2542,12.71,1669851889.5820618
0,318,0,4,10,False,28,9,230,2534,12.67,1669851889.674251
1,318,0,4,12,True,28,9,194,2498,12.49,1669851889.674853
0,319,0,4,10,False,156,9,203,2507,12.535,1669851889.7519593
1,319,0,4,12,True,156,9,168,2472,12.36,1669851889.7529638
0,320,0,4,10,False,27,10,3,2563,12.815,1669851889.8310192
1,320,0,4,12,True,27,9,224,2528,12.64,1669851889.8313165
0,321,0,4,10,False,155,9,245,2549,12.745,1669851889.9082186
1,321,0,4,12,True,155,9,210,2514,12.57,1669851889.9084485
0,322,0,4,10,False,26,10,16,2576,12.88,1669851889.987348
1,322,0,4,12,True,26,9,237,2541,12.705,1669851889.9879525
0,323,0,4,10,False,154,9,249,2553,12.765,1669851890.0491252
1,323,0,4,12,True,154,9,214,2518,12.59,1669851890.0496514
0,324,0,4,10,False,25,10,84,2644,13.22,1669851890.1273618
1,324,0,4,12,True,25,10,48,2608,13.04,1669851890.1273618
0,325,0,4,10,False,153,10,12,2572,12.86,1669851890.1996837
1,325,0,4,12,True,153,9,231,2535,12.675,1669851890.1999004
0,326,0,4,10,False,25,10,18,2578,12.89,1669851890.281535
1,326,0,4,12,True,25,9,239,2543,12.715,1669851890.2817643
0,327,0,4,10,False,152,10,2,2562,12.81,1669851890.358573
1,327,0,4,12,True,152,9,223,2527,12.635,1669851890.358573
0,328,0,4,10,False,24,9,249,2553,12.765,1669851890.4344094
1,328,0,4,12,True,24,9,213,2517,12.585,1669851890.4344094
0,329,0,4,10,False,151,10,77,2637,13.185,1669851890.5117621
1,329,0,4,12,True,151,10,41,2601,13.005,1669851890.5120122
0,330,0,4,10,False,23,9,241,2545,12.725,1669851890.5923376
1,330,0,4,12,True,23,9,206,2510,12.55,1669851890.5923376
0,331,0,4,10,False,150,10,20,2580,12.9,1669851890.6679964
1,331,0,4,12,True,150,9,241,2545,12.725,1669851890.6682181
0,332,0,4,10,False,22,9,205,2509,12.545,1669851890.7462375
1,332,0,4,12,True,22,9,170,2474,12.37,1669851890.7465112
0,333,0,4,10,False,149,9,221,2525,12.625,1669851890.8289397
1,333,0,4,12,True,149,9,185,2489,12.445,1669851890.8293538
0,334,0,4,10,False,21,10,43,2603,13.015,1669851890.9054897
1,334,0,4,12,True,21,10,7,2567,12.835,1669851890.905612
0,335,0,4,10,False,149,10,29,2589,12.945,1669851890.9820938
1,335,0,4,12,True,148,9,250,2554,12.77,1669851890.983099
0,336,0,4,10,False,20,9,242,2546,12.73,1669851891.0600717
1,336,0,4,12,True,20,9,207,2511,12.555,1669851891.0610769
0,337,0,4,10,False,148,10,7,2567,12.835,1669851891.138945
1,337,0,4,12,True,148,9,227,2531,12.655,1669851891.138945
0,338,0,4,10,False,19,10,43,2603,13.015,1669851891.2108257
1,338,0,4,12,True,19,10,8,2568,12.84,1669851891.2108257
0,339,0,4,10,False,147,10,19,2579,12.895,1669851891.2746549
1,339,0,4,12,True,147,9,240,2544,12.72,1669851891.2746549
0,340,0,4,10,False,18,10,52,2612,13.06,1669851891.3744724
1,340,0,4,12,True,18,10,16,2576,12.88,1669851891.374977
0,341,0,4,10,False,146,9,235,2539,12.695,1669851891.4513862
1,341,0,4,12,True,146,9,200,2504,12.52,1669851891.4516172
0,342,0,4,10,False,17,10,33,2593,12.965,1669851891.5331144
1,342,0,4,12,True,17,9,253,2557,12.785,1669851891.5331144
0,343,0,4,10,False,145,9,253,2557,12.785,1669851891.6107426
1,343,0,4,12,True,145,9,217,2521,12.605,1669851891.6112468
0,344,0,4,10,False,16,10,69,2629,13.145,1669851891.6887052
1,344,0,4,12,True,16,10,33,2593,12.965,1669851891.6892853
0,345,0,4,10,False,144,9,215,2519,12.595,1669851891.7669473
1,345,0,4,12,True,144,9,180,2484,12.42,1669851891.7672417
0,346,0,4,10,False,16,10,45,2605,13.025,1669851891.825126
1,346,0,4,12,True,15,10,10,2570,12.85,1669851891.825126
0,347,0,4,10,False,143,9,196,2500,12.5,1669851891.9087925
1,347,0,4,12,True,143,9,160,2464,12.32,1669851891.9097946
0,348,0,4,10,False,15,10,35,2595,12.975,1669851891.9782505
1,348,0,4,12,True,15,10,0,2560,12.8,1669851891.9782505
0,349,0,4,10,False,142,10,56,2616,13.08,1669851892.0619235
1,349,0,4,12,True,142,10,20,2580,12.9,1669851892.0629282
0,350,0,4,10,False,14,10,0,2560,12.8,1669851892.1396818
1,350,0,4,12,True,14,9,220,2524,12.62,1669851892.1398988
0,351,0,4,10,False,141,10,19,2579,12.895,1669851892.2189934
1,351,0,4,12,True,141,9,239,2543,12.715,1669851892.2189934
0,352,0,4,10,False,13,9,200,2504,12.52,1669851892.2921844
1,352,0,4,12,True,13,9,163,2467,12.335,1669851892.2921844
0,353,0,4,10,False,140,10,1,2561,12.805,1669851892.3759286
1,353,0,4,12,True,140,9,222,2526,12.63,1669851892.3769329
0,354,0,4,10,False,12,10,95,2655,13.275,1669851892.4506955
1,354,0,4,12,True,12,10,59,2619,13.095,1669851892.4509382
0,355,0,4,10,False,139,9,246,2550,12.75,1669851892.5330548
1,355,0,4,12,True,139,9,211,2515,12.575,1669851892.5330548
0,356,0,4,10,False,11,9,244,2548,12.74,1669851892.608767
1,356,0,4,12,True,11,9,209,2513,12.565,1669851892.609181
0,357,0,4,10,False,139,9,209,2513,12.565,1669851892.6849387
1,357,0,4,12,True,139,9,173,2477,12.385,1669851892.6850998
0,358,0,4,10,False,10,10,21,2581,12.905,1669851892.7578635
1,358,0,4,12,True,10,9,241,2545,12.725,1669851892.7578635
0,359,0,4,10,False,138,10,7,2567,12.835,1669851892.8210611
1,359,0,4,12,True,138,9,227,2531,12.655,1669851892.8212643
0,360,0,4,10,False,9,9,231,2535,12.675,1669851892.9182773
1,360,0,4,12,True,9,9,195,2499,12.495,1669851892.918455
0,361,0,4,10,False,137,10,65,2625,13.125,1669851892.9944308
1,361,0,4,12,True,137,10,30,2590,12.95,1669851892.994635
0,362,0,4,10,False,8,9,227,2531,12.655,1669851893.0728118
1,362,0,4,12,True,8,9,192,2496,12.48,1669851893.0728118
0,363,0,4,10,False,136,10,19,2579,12.895,1669851893.148402
1,363,0,4,12,True,136,9,240,2544,12.72,1669851893.1486359
0,364,0,4,10,False,7,9,255,2559,12.795,1669851893.23041
1,364,0,4,12,True,7,9,219,2523,12.615,1669851893.2312057
0,365,0,4,10,False,135,9,247,2551,12.755,1669851893.2887685
1,365,0,4,12,True,135,9,212,2516,12.58,1669851893.2890747
0,366,0,4,10,False,7,9,212,2516,12.58,1669851893.3837233
1,366,0,4,12,True,7,9,177,2481,12.405,1669851893.3837233
0,367,0,4,10,False,134,9,214,2518,12.59,1669851893.46027
1,367,0,4,12,True,134,9,179,2483,12.415,1669851893.46027
0,368,0,4,10,False,6,10,18,2578,12.89,1669851893.5361972
1,368,0,4,12,True,6,9,238,2542,12.71,1669851893.5361972
0,369,0,4,10,False,133,9,253,2557,12.785,1669851893.6158159
1,369,0,4,12,True,133,9,218,2522,12.61,1669851893.6160443
0,370,0,4,10,False,5,10,18,2578,12.89,1669851893.6965528
1,370,0,4,12,True,5,9,238,2542,12.71,1669851893.6965528
0,371,0,4,10,False,132,10,90,2650,13.25,1669851893.774454
1,371,0,4,12,True,132,10,53,2613,13.065,1669851893.7749586
0,372,0,4,10,False,4,10,8,2568,12.84,1669851893.852993
1,372,0,4,12,True,4,9,227,2531,12.655,1669851893.852993
0,373,0,4,10,False,131,9,204,2508,12.54,1669851893.9270704
1,373,0,4,12,True,131,9,168,2472,12.36,1669851893.9270704
0,374,0,4,10,False,3,10,45,2605,13.025,1669851894.0067248
1,374,0,4,12,True,3,10,10,2570,12.85,1669851894.0072265
0,375,0,4,10,False,130,9,247,2551,12.755,1669851894.0825253
1,375,0,4,12,True,130,9,212,2516,12.58,1669851894.0825253
0,376,0,4,10,False,2,10,57,2617,13.085,1669851894.165059
1,376,0,4,12,True,2,10,22,2582,12.91,1669851894.165582
0,377,0,4,10,False,130,9,203,2507,12.535,1669851894.236687
1,377,0,4,12,True,130,9,167,2471,12.355,1669851894.236687
0,378,0,4,10,False,1,10,28,2588,12.94,1669851894.3023725
1,378,0,4,12,True,1,9,248,2552,12.76,1669851894.3023725
0,379,0,4,10,False,129,9,204,2508,12.54,1669851894.3975127
1,379,0,4,12,True,129,9,168,2472,12.36,1669851894.3975127
0,380,0,4,10,False,0,9,227,2531,12.655,1669851894.4576116
1,380,0,4,12,True,0,9,192,2496,12.48,1669851894.458113
0,381,0,4,10,False,128,9,191,2495,12.475,1669851894.5501997
1,381,0,4,12,True,128,9,155,2459,12.295,1669851894.5511959
0,382,0,4,10,False,255,10,30,2590,12.95,1669851894.627489
1,382,0,4,12,True,255,9,251,2555,12.775,1669851894.627713
0,383,0,4,10,False,127,9,212,2516,12.58,1669851894.6902006
1,383,0,4,12,True,127,9,177,2481,12.405,1669851894.6912053
0,384,0,4,10,False,254,9,229,2533,12.665,1669851894.7677975
1,384,0,4,12,True,254,9,193,2497,12.485,1669851894.769119
0,385,0,4,10,False,126,10,80,2640,13.2,1669851894.8471313
1,385,0,4,12,True,126,10,45,2605,13.025,1669851894.8471313
0,386,0,4,10,False,254,10,28,2588,12.94,1669851894.9221396
1,386,0,4,12,True,254,9,247,2551,12.755,1669851894.9221396
0,387,0,4,10,False,125,10,42,2602,13.01,1669851895.0047758
1,387,0,4,12,True,125,10,7,2567,12.835,1669851895.0051973
